Run semi-empirical minimization
 &qmmm
    qm_theory='AM1', grms_tol=0.0005,
 scfconv=1.d-10, ndiis_attempts=700,   qmcharge=0,
 /
   6   CHA       54.2580       65.7060       43.5270 
   6   CHB       49.4370       65.6720       44.0150 
   6   CHC       49.6800       69.5180       46.9430 
   6   CHD       54.4590       69.8150       46.1120 
   7    NA       51.8860       66.0040       44.1150 
   6   C1A       52.9320       65.2650       43.5820 
   6   C2A       52.4370       64.0880       42.8880 
   6   C3A       51.0900       64.1240       42.9780 
   6   C4A       50.7610       65.2830       43.7680 
   6   CMA       50.0430       63.2730       42.2590 
   6   CAA       53.3130       63.1600       42.0500 
   6   CBA       53.5620       63.5510       40.6120 
   6   CGA       54.2540       62.5300       39.7170 
   8   O1A       54.3510       61.3400       40.1040 
   8   O2A       54.6780       62.9300       38.6140 
   7    NB       49.9970       67.7000       45.2990 
   6   C1B       49.1060       66.7170       44.8610 
   6   C2B       47.7460       67.0450       45.2150 
   6   C3B       47.8150       68.1340       46.0090 
   6   C4B       49.2190       68.4820       46.1350 
   6   CMB       46.5520       66.1470       44.8760 
   6   CAB       46.8240       68.8090       46.7460 
   6   CBB       45.6730       68.3230       47.3030 
   7    NC       52.0380       69.3210       46.2810 
   6   C1C       51.0300       69.9030       47.0270 
   6   C2C       51.5150       71.0670       47.7390 
   6   C3C       52.8440       71.1320       47.5070 
   6   C4C       53.1790       70.0270       46.6450 
   6   CMC       50.6550       71.9220       48.6660 
   6   CAC       53.7840       72.0460       47.9860 
   6   CBC       53.7330       73.0850       48.8720 
   7    ND       53.9230       67.7040       44.9530 
   6   C1D       54.8080       68.6890       45.3610 
   6   C2D       56.1680       68.3330       45.0070 
   6   C3D       56.1080       67.1700       44.3290 
   6   C4D       54.7190       66.7890       44.2650 
   6   CMD       57.3850       69.1580       45.4110 
   6   CAD       57.2730       66.2640       43.9010 
   6   CBD       57.7850       65.2960       44.9710 
   6   CGD       59.0740       64.6150       44.4880 
   8   O1D       60.0800       64.7410       45.2050 
   8   O2D       59.0950       63.9710       43.4380 
   1  HMA1       50.4340       62.8840       41.4610 
   1  HMA2       49.2880       63.8300       42.0110 
   1  HMA3       49.7410       62.5640       42.8490 
   1  HMB1       46.7370       65.6570       44.0590 
   1  HMB2       45.7600       66.6940       44.7520 
   1  HMB3       46.4020       65.5210       45.6010 
   1  HMC1       49.7330       71.9000       48.3640 
   1  HMC2       50.9770       72.8370       48.6540 
   1  HMC3       50.7070       71.5730       49.5700 
   1  HMD1       58.1530       68.5740       45.5120 
   1  HMD2       57.2070       69.6060       46.2530 
   1  HMD3       57.5700       69.8190       44.7260 
   1  HBB1       45.0800       68.9180       47.7890 
   1  HBB2       45.4490       67.3830       47.2120 
   1  HBC1       54.5320       73.6010       49.0610 
   1  HBC2       52.8980       73.3060       49.3120 
   1  HBA1       54.0950       64.3610       40.6100 
   1  HBA2       52.7080       63.7720       40.2090 
   1  HAA1       52.9070       62.2790       42.0550 
   1  HAA2       54.1730       63.0790       42.4920 
   1  HBD1       57.1090       64.6270       45.1630 
   1  HBD2       57.9530       65.7750       45.7980 
   1  HAD1       58.0110       66.8260       43.6160 
   1  HAD2       56.9940       65.7490       43.1280 
   1   HHA       54.8550       65.2560       42.9740 
   1   HHB       48.7510       65.2080       43.5920 
   1   HHC       49.0590       69.9820       47.4570 
   1   HHD       55.1120       70.4590       46.2670 
   1   HAB       46.9800       69.7570       46.8780 
   1   HAC       54.6670       71.9150       47.6070 

