Run semi-empirical minimization
 &qmmm
    qm_theory='AM1', grms_tol=0.0005,
 scfconv=1.d-10, ndiis_attempts=700,   qmcharge=0,
 /
   9    FE       12.7440       20.5930        9.4110 
   6   CHA       11.9640       22.3000        6.5250 
   6   CHB       12.3500       23.4270       11.2680 
   6   CHC       13.4520       18.8580       12.3020 
   6   CHD       13.7420       17.9240        7.5120 
   7    NA       12.2210       22.4640        9.0010 
   6   C1A       11.9130       23.0170        7.7420 
   6   C2A       11.6020       24.4550        7.8540 
   6   C3A       11.7390       24.7640        9.1720 
   6   C4A       12.1110       23.5260        9.8830 
   6   CMA       11.5640       26.1680        9.7550 
   6   CAA       11.2180       25.4530        6.7400 
   6   CBA       12.4310       26.0840        6.0500 
   6   CGA       12.0780       27.2360        5.1060 
   8   O1A       10.8950       27.6280        5.0190 
   8   O2A       13.0000       27.7670        4.4580 
   7    NB       12.8640       21.0470       11.4230 
   6   C1B       12.6810       22.2870       12.0030 
   6   C2B       12.8050       22.2070       13.4690 
   6   C3B       13.0900       20.8780       13.7740 
   6   C4B       13.1180       20.1810       12.4800 
   6   CMB       12.5380       23.3740       14.4240 
   6   CAB       13.2800       20.2350       15.0140 
   6   CBB       13.3350       20.7970       16.3480 
   7    NC       13.4770       18.8110        9.8290 
   6   C1C       13.6880       18.2340       11.0880 
   6   C2C       14.2590       16.8960       10.9610 
   6   C3C       14.3460       16.6230        9.6210 
   6   C4C       13.8890       17.8300        8.9210 
   6   CMC       14.6480       15.9450       12.0910 
   6   CAC       14.5220       15.3570        9.0740 
   6   CBC       15.7470       14.8780        8.4850 
   7    ND       12.8060       20.1780        7.3860 
   6   C1D       13.1840       18.9820        6.7970 
   6   C2D       12.9340       19.0050        5.3520 
   6   C3D       12.4930       20.2580        5.0660 
   6   C4D       12.4030       20.9900        6.3390 
   6   CMD       13.0890       17.8430        4.3820 
   6   CAD       12.2280       20.7900        3.6710 
   6   CBD       10.7640       20.8210        3.2640 
   6   CGD       10.5000       21.7020        2.0540 
   8   O1D        9.4640       21.5020        1.3960 
   8   O2D       11.3020       22.6170        1.7740 

