0.33098978
0.68409866
0.19481264
1.0921378
0.83461386
0.16946024
0.7037454
1.1926521
1.1730728
0.20028949
0.13631245
0.89659375
0.6266486
6.250605
0.24755505
0.5093304
0.29751873
0.06869097
0.08345906
0.30404815
0.7355038
0.52398276
0.114198044
0.27547574
0.13202164
0.5680148
0.15325487
0.5637272
6.232347
0.330049
0.23172635
0.24594124
0.24747692
0.18496439
6.2003794
0.26562575
6.0145507
0.12066826
0.059295133
6.2759385
0.9494153
0.27350917
0.31025818
0.20682807
0.15219681
0.25996563
0.23274279
