8	2070	0
410	1355	1
582	743	10
597	743	19
1114	692	23
554	677	-10
1046	674	20
592	669	22
147	667	15
1045	667	31
1124	667	19
300	666	28
1118	666	23
720	665	19
773	665	19
1112	665	22
1099	664	19
235	663	22
1094	658	23
485	656	19
719	656	19
596	655	20
1132	655	19
227	654	24
1120	654	19
815	653	20
1163	653	19
954	652	19
484	651	19
553	649	-16
811	649	19
953	649	19
951	648	19
1122	648	19
468	647	19
1001	647	19
721	646	19
1053	646	19
1098	645	19
467	643	13
814	643	26
982	643	19
1077	643	19
739	642	22
1097	642	19
301	641	30
810	641	19
839	641	19
956	641	19
841	639	19
1079	639	19
955	638	19
957	638	19
981	638	19
1084	638	23
765	637	19
950	637	19
1010	637	19
1121	637	19
1123	637	19
722	634	19
995	634	19
766	633	19
952	632	19
1054	632	19
469	630	19
1091	630	22
1119	629	19
1159	629	27
751	626	25
764	625	19
883	625	29
1165	625	19
734	623	25
393	622	18
783	619	35
482	618	42
840	618	19
483	617	19
347	610	25
394	606	9
735	605	27
433	603	19
736	600	28
733	599	29
510	590	16
486	589	19
740	589	31
738	584	37
1027	583	20
165	581	28
1160	581	-52
437	575	30
210	574	28
299	572	29
796	565	39
54	563	35
1086	562	21
737	558	33
877	558	42
47	552	11
1083	548	22
876	547	44
66	546	11
119	546	11
164	546	26
874	544	34
16	542	11
118	541	12
238	539	0
48	537	11
53	530	37
166	525	24
49	522	11
226	521	27
237	518	26
250	517	0
257	515	33
55	512	24
20	511	11
120	510	11
268	509	18
192	508	18
396	500	8
585	500	44
678	490	26
1012	488	4
581	484	17
934	484	35
595	482	39
889	481	-2
493	480	20
1026	480	14
424	478	8
933	474	35
870	472	23
274	471	13
753	471	9
242	470	10
1017	468	9
39	467	44
1021	467	9
1029	467	9
1016	465	9
754	464	9
863	464	17
1015	464	9
79	463	9
891	463	9
892	463	10
207	462	18
593	462	44
613	462	44
791	462	10
212	461	18
894	461	9
755	459	9
893	458	10
899	458	10
925	458	22
1018	458	9
84	457	11
275	457	14
647	456	17
1014	456	9
1161	456	-9
82	455	11
261	455	44
610	455	44
37	454	44
898	452	10
1020	452	9
240	449	18
741	449	21
869	449	23
931	449	4
1019	449	9
211	448	21
872	448	23
900	448	10
837	447	-5
890	447	51
871	446	22
25	445	44
241	445	14
794	445	10
684	444	-6
930	441	3
1013	441	9
896	440	10
901	440	16
382	439	17
897	439	10
38	438	44
685	438	-8
339	437	5
919	436	12
694	433	25
102	432	44
880	432	4
539	430	12
798	428	26
24	427	44
380	427	15
689	427	9
703	427	23
895	426	10
334	425	21
591	425	13
83	424	8
381	423	19
383	421	18
419	420	18
451	420	5
335	419	17
644	419	20
691	418	12
377	417	19
454	416	5
1005	416	5
376	415	16
590	415	25
648	415	8
340	414	5
564	414	9
52	413	11
481	413	6
570	413	21
692	411	12
453	410	5
742	410	5
359	407	12
378	407	13
428	407	28
455	407	5
368	406	10
354	405	41
852	405	-11
355	404	37
87	403	13
744	403	4
379	402	12
452	402	5
318	400	4
960	400	-1
538	398	12
10	397	13
33	396	12
366	396	12
649	396	8
41	395	12
90	395	30
214	395	-14
371	395	6
56	393	13
96	393	11
1158	393	-20
375	391	10
420	391	18
357	390	42
555	389	9
34	388	12
690	387	16
973	386	-19
184	385	12
225	385	8
360	385	7
365	385	12
370	385	14
374	385	12
40	384	12
148	384	12
1090	383	36
213	382	-15
743	382	9
945	382	12
28	381	12
918	381	-10
86	380	13
71	379	12
182	379	12
185	378	12
259	378	18
356	378	47
645	378	11
423	377	16
532	377	11
373	376	13
422	376	18
193	375	16
260	375	18
372	375	13
426	375	16
1152	375	28
62	374	12
1095	374	1
126	372	12
432	372	16
72	371	12
807	371	18
847	371	12
219	370	4
418	370	18
429	370	12
560	370	12
971	370	-20
0	369	12
1162	369	12
42	368	12
43	368	13
109	367	57
183	367	12
200	367	18
258	367	18
1006	367	11
70	366	12
125	366	10
412	366	17
556	366	12
618	366	29
461	365	12
73	364	12
252	363	18
243	362	13
295	362	32
787	362	12
1037	362	12
444	360	17
503	360	10
12	359	13
64	359	13
124	359	12
137	359	12
319	359	13
561	359	12
646	359	12
1092	359	3
7	358	12
44	358	12
151	358	12
786	358	12
11	357	13
32	357	11
131	357	20
208	357	18
249	357	12
704	357	33
812	357	49
320	356	13
114	355	12
138	355	12
167	355	12
748	355	24
174	354	17
239	354	12
115	353	12
3	352	12
75	352	12
317	352	13
494	352	24
534	352	11
600	352	18
1146	352	-2
13	351	13
57	351	12
74	351	12
97	350	10
132	350	17
425	350	12
563	350	12
562	349	12
1145	349	-2
76	348	12
247	348	12
273	348	12
557	348	12
98	347	10
150	347	12
246	347	12
440	347	3
77	346	12
795	346	26
848	346	12
65	345	18
491	345	13
95	344	11
236	344	15
244	344	13
272	344	12
307	344	13
266	343	20
61	342	30
149	342	12
78	341	12
201	341	18
687	341	23
253	339	16
439	339	21
245	338	12
255	338	16
430	338	12
99	337	12
1140	336	-3
105	335	13
233	335	21
558	335	12
173	334	17
1143	334	-3
1144	334	-3
141	333	17
441	333	21
614	333	20
1004	333	12
139	332	12
442	332	20
868	332	31
621	331	37
1141	331	-2
209	330	18
248	330	12
254	330	16
336	330	12
436	330	16
1154	330	19
1155	330	21
134	329	20
771	329	19
826	329	24
726	327	18
688	326	17
935	326	28
427	325	12
1142	324	-3
129	323	20
232	323	21
1003	323	12
549	322	5
747	322	15
1157	322	21
559	321	12
867	320	31
1111	320	17
438	319	17
228	318	5
924	318	31
152	315	12
234	315	21
1032	315	15
421	314	16
881	314	13
363	313	16
725	313	18
909	313	19
728	312	18
813	311	39
875	311	7
1033	311	17
731	310	18
231	309	21
727	309	18
594	308	60
111	307	13
224	307	21
681	307	22
462	306	12
816	306	-22
35	305	15
230	305	20
1178	305	20
679	304	-6
367	303	36
910	303	19
168	302	12
746	302	17
1023	302	20
729	301	18
732	301	19
103	300	20
206	300	18
296	300	21
229	299	21
619	299	27
907	299	19
498	298	22
1031	298	17
497	297	19
612	297	20
707	297	19
730	297	18
906	297	22
1113	297	19
443	296	16
611	296	26
495	294	-48
1089	294	18
413	293	13
1156	293	22
23	292	13
362	292	24
908	292	18
19	291	16
140	291	12
265	291	19
680	291	-6
567	289	19
882	289	13
220	288	1
817	288	-25
251	286	23
364	286	16
480	286	-48
499	286	19
926	286	17
22	285	13
544	285	-25
921	285	18
191	284	13
361	284	-33
5	283	16
632	283	-48
724	283	18
920	283	18
45	282	13
88	282	13
223	282	19
133	281	20
1067	281	-23
89	279	16
693	279	27
46	278	13
305	278	5
407	278	-31
904	278	22
1087	278	20
21	277	13
294	277	25
314	277	-31
989	277	-28
30	276	13
353	276	-50
565	276	19
1022	276	18
535	275	10
801	275	15
533	274	10
566	274	19
651	273	1
323	272	-23
806	272	13
384	271	-30
435	271	-25
602	271	-21
408	270	-25
601	270	-24
1096	270	0
256	269	21
308	269	-30
1062	269	-28
17	268	13
196	268	-12
805	268	13
835	268	-36
943	268	-29
218	267	-28
804	267	13
819	267	-21
905	267	22
1059	267	9
1167	267	-26
853	266	-30
6	265	13
459	265	-15
650	265	13
723	265	17
799	265	15
928	265	-2
1056	265	-18
463	264	-35
802	264	13
828	264	-37
1064	264	-28
1138	264	-36
1139	264	-31
29	263	13
195	263	-29
434	263	-29
465	263	-35
509	263	-30
803	263	13
94	262	19
326	262	-20
523	262	-33
778	262	-33
800	262	12
976	262	-10
1011	262	15
31	261	13
205	261	17
369	261	-2
385	261	-27
414	261	-32
448	261	-26
1024	261	19
1052	261	21
1088	261	19
1130	261	-12
104	260	13
197	260	-10
215	260	-26
464	260	-36
537	260	25
777	260	-39
818	260	-26
1134	260	-23
4	259	13
18	259	13
972	259	-14
975	259	-18
983	259	21
350	258	-50
457	258	-29
540	258	-30
782	258	-39
1025	258	20
1065	258	-30
1076	258	-37
1082	258	13
1176	258	-22
136	257	6
831	257	-37
860	257	-27
1135	257	-37
107	256	-33
445	256	-30
460	256	-22
521	256	-40
620	256	26
912	256	-8
974	256	-17
1093	256	1
1172	256	-18
110	255	-3
456	255	4
516	255	-16
541	255	-26
701	255	20
745	255	21
834	255	-37
941	255	-21
1116	255	-42
1177	255	-19
135	254	4
217	254	-22
686	254	-28
821	254	11
832	254	-33
988	254	-29
1074	254	-150
1168	254	-7
36	253	-8
279	253	20
352	253	-49
198	252	-18
502	252	-30
579	252	29
580	252	30
911	252	-20
1075	252	-47
1171	252	-9
160	251	22
189	251	70
278	251	20
458	251	-15
466	251	-34
638	251	-29
829	251	-33
947	251	-36
159	250	21
351	250	-49
702	250	20
830	250	-33
987	250	-28
1117	250	-7
1137	250	-37
1166	250	-39
1170	250	-25
161	249	-22
281	249	20
286	249	43
349	249	-49
617	249	-20
967	249	19
1066	249	-33
216	248	-24
508	248	19
759	248	-45
938	248	-41
980	248	10
1173	248	-28
203	247	2
542	247	-32
861	247	-26
1105	247	19
276	246	20
599	246	-22
780	246	-33
873	246	-28
936	246	44
961	246	19
964	246	20
966	246	20
1057	246	-30
1169	246	-30
14	245	-23
15	245	-21
101	245	-7
345	245	-4
522	245	-35
598	245	-19
820	245	11
858	245	-12
879	245	19
204	244	-14
698	244	20
942	244	-21
948	244	-28
977	244	23
1072	244	-29
446	243	-22
531	243	-14
576	243	-34
635	243	-37
940	243	-38
986	243	-23
779	242	-36
833	242	-15
862	242	-30
1058	242	-26
1061	242	-30
836	241	-32
855	241	-27
878	241	20
939	241	-38
949	241	-33
992	241	-25
344	240	-4
655	240	-38
1060	240	-35
333	239	-29
447	239	-23
756	239	20
856	239	-27
929	239	-4
959	239	-22
962	239	19
1055	239	-28
1104	239	-26
400	238	-37
699	238	23
700	238	21
963	238	20
1028	238	-39
1063	238	-33
108	237	-29
180	237	-11
309	237	20
790	237	-38
991	237	-19
202	236	5
277	236	20
322	236	-25
328	236	-25
634	236	-40
768	236	-36
859	236	-32
978	236	22
1069	236	-14
81	235	-38
130	235	-4
310	235	20
526	235	20
776	235	-20
979	235	22
1048	235	-51
575	234	-29
654	234	-38
696	234	20
808	234	-39
970	234	21
58	233	20
106	233	-24
449	233	-24
450	233	-24
1131	233	-19
1133	233	-18
1136	233	-37
492	232	-5
822	232	-26
994	232	-14
1127	232	36
343	231	-5
543	231	-34
573	231	-32
697	231	20
749	231	20
1070	231	-9
1080	231	-16
1174	231	-34
496	230	-6
1175	230	-22
190	229	70
324	229	-43
574	229	-29
750	229	20
997	229	20
1078	229	-14
1081	229	18
1126	229	34
100	228	-41
325	228	-40
329	228	-40
405	228	-43
990	228	-11
1101	228	-26
529	227	20
572	227	-31
1071	227	-12
80	226	-39
142	226	-30
406	226	-43
525	226	-39
569	226	-27
616	226	-33
665	226	19
968	226	20
969	226	21
1125	226	56
500	225	19
854	225	-26
857	225	-27
993	225	-12
280	224	19
342	224	-13
514	224	-35
524	224	-50
571	224	-33
903	224	-27
1008	224	-29
1009	224	-31
1100	224	-26
1102	224	-26
1103	224	-38
411	223	-37
577	223	-39
607	223	-25
388	222	-34
608	222	-40
153	221	-52
171	221	-38
390	221	-26
505	221	19
587	221	-36
606	221	-33
761	221	-27
864	221	-43
996	221	19
321	220	-22
615	220	-40
666	220	-36
767	220	-39
1115	220	-19
501	219	20
633	219	-39
825	219	-26
985	219	-40
1129	219	33
172	218	-38
181	218	-1
409	218	-39
584	218	12
784	218	-39
845	218	-32
395	217	-31
757	217	20
760	217	-43
937	217	-42
504	216	19
528	216	19
530	216	20
809	216	-39
844	216	-32
1128	216	38
338	215	-22
416	215	-35
785	215	-38
865	215	-49
1007	215	-32
297	214	-36
488	214	-39
788	214	20
789	214	-38
958	214	-26
59	213	21
708	213	-36
770	213	-38
965	213	21
706	212	-37
709	212	-33
999	212	8
1068	212	-26
9	211	-22
282	211	-41
850	211	-27
1051	211	-16
93	210	-39
513	210	-37
609	210	-37
838	210	-38
1000	210	-39
527	209	20
705	209	-33
718	209	-28
316	208	-39
506	208	20
507	208	19
402	207	-38
415	207	-39
487	207	-39
536	207	-34
781	207	-36
998	207	-26
60	206	-36
199	206	-38
403	206	-39
404	206	-37
170	205	-38
327	205	-37
512	205	-28
63	204	-36
178	204	-39
637	204	-28
769	204	-39
144	203	-40
511	203	-28
774	203	-37
179	201	-39
589	201	-39
946	201	-37
797	200	-38
984	200	-42
1002	200	-36
583	199	12
311	198	-29
389	198	-36
146	197	-40
175	196	-39
306	196	-28
636	196	-26
269	195	-40
490	195	-40
586	195	-39
846	195	-34
851	195	-35
348	194	-39
127	193	-39
145	193	-40
177	193	-40
85	192	-28
117	192	-40
392	192	-39
711	192	-28
944	192	-24
489	191	-39
176	190	-39
1035	190	-12
313	189	-35
387	188	-41
289	187	-41
337	187	-34
346	185	-39
1034	185	-12
1041	185	-12
312	184	-31
401	184	-38
710	181	-28
293	180	-34
391	180	-39
827	180	-39
398	179	-28
475	179	-12
298	178	-40
712	178	-28
823	178	-26
923	178	-12
1050	177	-33
669	175	-76
552	173	-28
1030	173	-12
1040	173	-13
1042	173	-12
 