./p450/A0A0N0T4H6/fold_a0a0n0t4h6_model_0.cif 169 2.2254379344299853 0
./p450/A0A0N0T4H6/AF-A0A0N0T4H6-F1-filled_v4.cif 162 3.536147762749741 20
./p450/A0A0M9ZUL6/fold_a0a0m9zul6_model_0.cif 168 2.236376310015826 0
./p450/A0A0M9ZUL6/AF-A0A0M9ZUL6-F1-filled_v4.cif 156 3.35504083432676 20
./p450/A0A1Y2E687/AF-A0A1Y2E687-F1-filled_v4.cif 187 15.31670819725962 22
./p450/A0A1Y2E687/fold_a0a1y2e687_model_0.cif 161 2.254175902630494 0
./p450/A0A2H3BMT7/AF-A0A2H3BMT7-F1-filled_v4.cif 216 18.531429869278842 124
./p450/A0A2H3BMT7/fold_a0a2h3bmt7_model_0.cif 160 2.294282022768779 0
./p450/A0A2H3JM83/fold_a0a2h3jm83_model_0.cif 180 2.296220154950305 0
./p450/A0A2H3JM83/AF-A0A2H3JM83-F1-filled_v4.cif 178 15.849965236554937 40
./p450/A0A1W5D9Y1/AF-A0A1W5D9Y1-F1-filled_v4.cif 144 13.296719821068654 24
./p450/A0A1W5D9Y1/fold_a0a1w5d9y1_model_0.cif 166 2.25319018282967 0
./p450/A0A0M8U3J5/AF-A0A0M8U3J5-F1-filled_v4.cif 161 3.4483623649494843 8
./p450/A0A0M8U3J5/fold_a0a0m8u3j5_model_0.cif 169 2.2755507025772905 0
./p450/A0A1U8KAP4/AF-A0A1U8KAP4-F1-filled_v4.cif 207 8.036004355399516 28
./p450/A0A1U8KAP4/fold_a0a1u8kap4_model_0.cif 175 2.228524399686932 0
./p450/A0A0B4F233/fold_a0a0b4f233_333_model_0.cif 170 2.2963444863521674 0
./p450/A0A0B4F233/fold_a0a0b4f233_555_model_0.cif 166 2.2564549629895123 0
./p450/A0A0B4F233/fold_a0a0b4f233_222_model_0.cif 168 2.2595318099110706 0
./p450/A0A0B4F233/fold_a0a0b4f233_111_model_0.cif 166 2.26097368405738 0
./p450/A0A0B4F233/fold_a0a0b4f233_444_model_0.cif 169 2.245203331549283 0
./p450/A0A0B4F233/fold_a0a0b4f233_model_0.cif 167 2.212464688983759 0
./p450/A0A0B4F233/AF-A0A0B4F233-F1-filled_v4.cif 171 8.386831105966065 36
./p450/A0A1H1VXA8/AF-A0A1H1VXA8-F1-filled_v4.cif 209 13.6728164253017 57
./p450/A0A1H1VXA8/fold_a0a1h1vxa8_model_0.cif 153 2.231557527826697 0
./p450/A0A0B0MXC9/fold_a0a0b0mxc9_111_model_0.cif 171 2.2547172771768964 0
./p450/A0A0B0MXC9/fold_a0a0b0mxc9_333_model_0.cif 178 2.2420744858278012 0
./p450/A0A0B0MXC9/AF-A0A0B0MXC9-F1-filled_v4.cif 175 2.0937955965184374 0
./p450/A0A0B0MXC9/fold_a0a0b0mxc9_222_model_0.cif 172 2.2700744481183874 0
./p450/A0A0B0MXC9/fold_a0a0b0mxc9_555_model_0.cif 175 2.234293848176645 0
./p450/A0A0B0MXC9/fold_a0a0b0mxc9_444_model_0.cif 173 2.217858877386025 0
./p450/A0A0B0MXC9/fold_a0a0b0mxc9_model_0.cif 173 2.2342159698650437 0
./p450/A0A1J3HHS2/AF-A0A1J3HHS2-F1-filled_v4.cif 155 8.180883693098197 51
./p450/A0A1J3HHS2/fold_a0a1j3hhs2_model_0.cif 167 2.2285169956722344 0
./p450/A0A1Y3ATV4/AF-A0A1Y3ATV4-F1-filled_v4.cif 36 14.248138334533392 0
./p450/A0A1Y3ATV4/fold_a0a1y3atv4_model_0.cif 34 14.50408704469192 0
./p450/A0A1B9CHK4/AF-A0A1B9CHK4-F1-filled_v4.cif 147 2.1037174239902083 0
./p450/A0A1B9CHK4/fold_a0a1b9chk4_model_0.cif 137 2.159069243910441 0
./p450/A0A1U8KP76/AF-A0A1U8KP76-F1-filled_v4.cif 129 2.339824138690769 0
./p450/A0A1U8KP76/fold_a0a1u8kp76_model_0.cif 130 2.1333297916637273 0
./p450/A0A1U8MRM3/fold_a0a1u8mrm3_model_0.cif 157 2.2147132997297865 0
./p450/A0A1U8MRM3/AF-A0A1U8MRM3-F1-filled_v4.cif 130 7.202618482191044 65
./p450/A0A2I0T5B9/AF-A0A2I0T5B9-F1-filled_v4.cif 66 19.79923528826303 16
./p450/A0A2I0T5B9/fold_a0a2i0t5b9_model_0.cif 86 24.646320029570337 0
./p450/A0A1L7WLC9/fold_a0a1l7wlc9_model_0.cif 144 21.87945860847567 0
./p450/A0A1L7WLC9/AF-A0A1L7WLC9-F1-filled_v4.cif 101 22.409577840735867 0
./p450/A0A1L7XEP7/fold_a0a1l7xep7_model_0.cif 170 2.2990574155509904 0
./p450/A0A1L7XEP7/AF-A0A1L7XEP7-F1-filled_v4.cif 154 7.935044171269623 78
./p450/A0A1W2FQA4/AF-A0A1W2FQA4-F1-filled_v4.cif 187 9.08303853344243 59
./p450/A0A1W2FQA4/fold_a0a1w2fqa4_model_0.cif 174 2.3906302516282185 0
./p450/A0A1M7PCX2/AF-A0A1M7PCX2-F1-filled_v4.cif 203 7.7785167609255685 108
./p450/A0A1M7PCX2/fold_a0a1m7pcx2_model_0.cif 155 2.2766128348931 0
./p450/A0A1H4KQL3/fold_a0a1h4kql3_model_0.cif 161 2.2598260995041186 0
./p450/A0A1H4KQL3/AF-A0A1H4KQL3-F1-filled_v4.cif 158 2.428044480646926 0
./p450/A0A0S6UNL6/fold_a0a0s6unl6_model_0.cif 167 2.2829388953714904 0
./p450/A0A0S6UNL6/AF-A0A0S6UNL6-F1-filled_v4.cif 151 5.810971089241453 44
./p450/A0A1A0Q653/fold_a0a1a0q653_model_0.cif 167 2.2512090085107603 0
./p450/A0A1A0Q653/AF-A0A1A0Q653-F1-filled_v4.cif 142 3.096489786839285 21
./p450/A0A1X0T824/AF-A0A1X0T824-F1-filled_v4.cif 114 6.512941654889901 44
./p450/A0A1X0T824/fold_a0a1x0t824_model_0.cif 175 2.2163833152232484 0
./p450/A0A2G2ZZD8/fold_a0a2g2zzd8_model_0.cif 128 2.1196256745000994 0
./p450/A0A2G2ZZD8/AF-A0A2G2ZZD8-F1-filled_v4.cif 99 2.3759926346687195 0
./p450/A0A1Y2IUU6/AF-A0A1Y2IUU6-F1-filled_v4.cif 3 29.782886445071103 0
./p450/A0A1Y2IUU6/fold_a0a1y2iuu6_model_0.cif 173 2.2575112402820943 0
./p450/A0A2A2ZRT2/fold_a0a2a2zrt2_model_0.cif 156 2.338483482943593 0
./p450/A0A0N0T4H6/fold_a0a0n0t4h6_model_0.cif 169 2.2254379344299853 0
./p450/A0A0N0T4H6/AF-A0A0N0T4H6-F1-filled_v4.cif 162 3.536147762749741 20
./p450/A0A0M9ZUL6/fold_a0a0m9zul6_model_0.cif 168 2.236376310015826 0
./p450/A0A0M9ZUL6/AF-A0A0M9ZUL6-F1-filled_v4.cif 156 3.35504083432676 20
./p450/A0A1Y2E687/AF-A0A1Y2E687-F1-filled_v4.cif 187 15.31670819725962 22
./p450/A0A1Y2E687/fold_a0a1y2e687_model_0.cif 161 2.254175902630494 0
./p450/A0A2H3BMT7/AF-A0A2H3BMT7-F1-filled_v4.cif 216 18.531429869278842 124
./p450/A0A2H3BMT7/fold_a0a2h3bmt7_model_0.cif 160 2.294282022768779 0
./p450/A0A2H3JM83/fold_a0a2h3jm83_model_0.cif 180 2.296220154950305 0
./p450/A0A2H3JM83/AF-A0A2H3JM83-F1-filled_v4.cif 178 15.849965236554937 40
./p450/A0A1W5D9Y1/AF-A0A1W5D9Y1-F1-filled_v4.cif 144 13.296719821068654 24
./p450/A0A1W5D9Y1/fold_a0a1w5d9y1_model_0.cif 166 2.25319018282967 0
./p450/A0A0M8U3J5/AF-A0A0M8U3J5-F1-filled_v4.cif 161 3.4483623649494843 8
./p450/A0A0M8U3J5/fold_a0a0m8u3j5_model_0.cif 169 2.2755507025772905 0
./p450/A0A1U8KAP4/AF-A0A1U8KAP4-F1-filled_v4.cif 207 8.036004355399516 28
./p450/A0A1U8KAP4/fold_a0a1u8kap4_model_0.cif 175 2.228524399686932 0
./p450/A0A0B4F233/fold_a0a0b4f233_333_model_0.cif 170 2.2963444863521674 0
./p450/A0A0B4F233/fold_a0a0b4f233_555_model_0.cif 166 2.2564549629895123 0
./p450/A0A0B4F233/fold_a0a0b4f233_222_model_0.cif 168 2.2595318099110706 0
./p450/A0A0B4F233/fold_a0a0b4f233_111_model_0.cif 166 2.26097368405738 0
./p450/A0A0B4F233/fold_a0a0b4f233_444_model_0.cif 169 2.245203331549283 0
./p450/A0A0B4F233/fold_a0a0b4f233_model_0.cif 167 2.212464688983759 0
./p450/A0A0B4F233/AF-A0A0B4F233-F1-filled_v4.cif 171 8.386831105966065 36
./p450/A0A1H1VXA8/AF-A0A1H1VXA8-F1-filled_v4.cif 209 13.6728164253017 57
./p450/A0A1H1VXA8/fold_a0a1h1vxa8_model_0.cif 153 2.231557527826697 0
./p450/A0A0B0MXC9/fold_a0a0b0mxc9_111_model_0.cif 171 2.2547172771768964 0
./p450/A0A0B0MXC9/fold_a0a0b0mxc9_333_model_0.cif 178 2.2420744858278012 0
./p450/A0A0B0MXC9/AF-A0A0B0MXC9-F1-filled_v4.cif 175 2.0937955965184374 0
./p450/A0A0B0MXC9/fold_a0a0b0mxc9_222_model_0.cif 172 2.2700744481183874 0
./p450/A0A0B0MXC9/fold_a0a0b0mxc9_555_model_0.cif 175 2.234293848176645 0
./p450/A0A0B0MXC9/fold_a0a0b0mxc9_444_model_0.cif 173 2.217858877386025 0
./p450/A0A0B0MXC9/fold_a0a0b0mxc9_model_0.cif 173 2.2342159698650437 0
./p450/A0A1J3HHS2/AF-A0A1J3HHS2-F1-filled_v4.cif 155 8.180883693098197 51
./p450/A0A1J3HHS2/fold_a0a1j3hhs2_model_0.cif 167 2.2285169956722344 0
./p450/A0A1Y3ATV4/AF-A0A1Y3ATV4-F1-filled_v4.cif 36 14.248138334533392 0
./p450/A0A1Y3ATV4/fold_a0a1y3atv4_model_0.cif 34 14.50408704469192 0
./p450/A0A1B9CHK4/AF-A0A1B9CHK4-F1-filled_v4.cif 147 2.1037174239902083 0
./p450/A0A1B9CHK4/fold_a0a1b9chk4_model_0.cif 137 2.159069243910441 0
./p450/A0A1U8KP76/AF-A0A1U8KP76-F1-filled_v4.cif 129 2.339824138690769 0
./p450/A0A1U8KP76/fold_a0a1u8kp76_model_0.cif 130 2.1333297916637273 0
./p450/A0A1U8MRM3/fold_a0a1u8mrm3_model_0.cif 157 2.2147132997297865 0
./p450/A0A1U8MRM3/AF-A0A1U8MRM3-F1-filled_v4.cif 130 7.202618482191044 65
./p450/A0A2I0T5B9/AF-A0A2I0T5B9-F1-filled_v4.cif 66 19.79923528826303 16
./p450/A0A2I0T5B9/fold_a0a2i0t5b9_model_0.cif 86 24.646320029570337 0
./p450/A0A1L7WLC9/fold_a0a1l7wlc9_model_0.cif 144 21.87945860847567 0
./p450/A0A1L7WLC9/AF-A0A1L7WLC9-F1-filled_v4.cif 101 22.409577840735867 0
./p450/A0A1L7XEP7/fold_a0a1l7xep7_model_0.cif 170 2.2990574155509904 0
./p450/A0A1L7XEP7/AF-A0A1L7XEP7-F1-filled_v4.cif 154 7.935044171269623 78
./p450/A0A1W2FQA4/AF-A0A1W2FQA4-F1-filled_v4.cif 187 9.08303853344243 59
./p450/A0A1W2FQA4/fold_a0a1w2fqa4_model_0.cif 174 2.3906302516282185 0
./p450/A0A1M7PCX2/AF-A0A1M7PCX2-F1-filled_v4.cif 203 7.7785167609255685 108
./p450/A0A1M7PCX2/fold_a0a1m7pcx2_model_0.cif 155 2.2766128348931 0
./p450/A0A1H4KQL3/fold_a0a1h4kql3_model_0.cif 161 2.2598260995041186 0
./p450/A0A1H4KQL3/AF-A0A1H4KQL3-F1-filled_v4.cif 158 2.428044480646926 0
./p450/A0A0S6UNL6/fold_a0a0s6unl6_model_0.cif 167 2.2829388953714904 0
./p450/A0A0S6UNL6/AF-A0A0S6UNL6-F1-filled_v4.cif 151 5.810971089241453 44
./p450/A0A1A0Q653/fold_a0a1a0q653_model_0.cif 167 2.2512090085107603 0
./p450/A0A1A0Q653/AF-A0A1A0Q653-F1-filled_v4.cif 142 3.096489786839285 21
./p450/A0A1X0T824/AF-A0A1X0T824-F1-filled_v4.cif 114 6.512941654889901 44
./p450/A0A1X0T824/fold_a0a1x0t824_model_0.cif 175 2.2163833152232484 0
./p450/A0A2G2ZZD8/fold_a0a2g2zzd8_model_0.cif 128 2.1196256745000994 0
./p450/A0A2G2ZZD8/AF-A0A2G2ZZD8-F1-filled_v4.cif 99 2.3759926346687195 0
./p450/A0A1Y2IUU6/AF-A0A1Y2IUU6-F1-filled_v4.cif 3 29.782886445071103 0
./p450/A0A1Y2IUU6/fold_a0a1y2iuu6_model_0.cif 173 2.2575112402820943 0
./p450/A0A2A2ZRT2/fold_a0a2a2zrt2_model_0.cif 156 2.338483482943593 0
./p450/A0A0N0T4H6/fold_a0a0n0t4h6_model_0.cif 169 2.2254379344299853 0
./p450/A0A0N0T4H6/AF-A0A0N0T4H6-F1-filled_v4.cif 162 3.536147762749741 20
./p450/A0A0M9ZUL6/fold_a0a0m9zul6_model_0.cif 168 2.236376310015826 0
./p450/A0A0M9ZUL6/AF-A0A0M9ZUL6-F1-filled_v4.cif 156 3.35504083432676 20
./p450/A0A1Y2E687/AF-A0A1Y2E687-F1-filled_v4.cif 187 15.31670819725962 22
./p450/A0A1Y2E687/fold_a0a1y2e687_model_0.cif 161 2.254175902630494 0
./p450/A0A2H3BMT7/AF-A0A2H3BMT7-F1-filled_v4.cif 216 18.531429869278842 124
./p450/A0A2H3BMT7/fold_a0a2h3bmt7_model_0.cif 160 2.294282022768779 0
./p450/A0A2H3JM83/fold_a0a2h3jm83_model_0.cif 180 2.296220154950305 0
./p450/A0A2H3JM83/AF-A0A2H3JM83-F1-filled_v4.cif 178 15.849965236554937 40
./p450/A0A1W5D9Y1/AF-A0A1W5D9Y1-F1-filled_v4.cif 144 13.296719821068654 24
./p450/A0A1W5D9Y1/fold_a0a1w5d9y1_model_0.cif 166 2.25319018282967 0
./p450/A0A0M8U3J5/AF-A0A0M8U3J5-F1-filled_v4.cif 161 3.4483623649494843 8
./p450/A0A0M8U3J5/fold_a0a0m8u3j5_model_0.cif 169 2.2755507025772905 0
./p450/A0A1U8KAP4/AF-A0A1U8KAP4-F1-filled_v4.cif 207 8.036004355399516 28
./p450/A0A1U8KAP4/fold_a0a1u8kap4_model_0.cif 175 2.228524399686932 0
./p450/A0A0B4F233/fold_a0a0b4f233_333_model_0.cif 170 2.2963444863521674 0
./p450/A0A0B4F233/fold_a0a0b4f233_555_model_0.cif 166 2.2564549629895123 0
./p450/A0A0B4F233/fold_a0a0b4f233_222_model_0.cif 168 2.2595318099110706 0
./p450/A0A0B4F233/fold_a0a0b4f233_111_model_0.cif 166 2.26097368405738 0
./p450/A0A0B4F233/fold_a0a0b4f233_444_model_0.cif 169 2.245203331549283 0
./p450/A0A0B4F233/fold_a0a0b4f233_model_0.cif 167 2.212464688983759 0
./p450/A0A0B4F233/AF-A0A0B4F233-F1-filled_v4.cif 171 8.386831105966065 36
./p450/A0A1H1VXA8/AF-A0A1H1VXA8-F1-filled_v4.cif 209 13.6728164253017 57
./p450/A0A1H1VXA8/fold_a0a1h1vxa8_model_0.cif 153 2.231557527826697 0
./p450/A0A0B0MXC9/fold_a0a0b0mxc9_111_model_0.cif 171 2.2547172771768964 0
./p450/A0A0B0MXC9/fold_a0a0b0mxc9_333_model_0.cif 178 2.2420744858278012 0
./p450/A0A0B0MXC9/AF-A0A0B0MXC9-F1-filled_v4.cif 175 2.0937955965184374 0
./p450/A0A0B0MXC9/fold_a0a0b0mxc9_222_model_0.cif 172 2.2700744481183874 0
./p450/A0A0B0MXC9/fold_a0a0b0mxc9_555_model_0.cif 175 2.234293848176645 0
./p450/A0A0B0MXC9/fold_a0a0b0mxc9_444_model_0.cif 173 2.217858877386025 0
./p450/A0A0B0MXC9/fold_a0a0b0mxc9_model_0.cif 173 2.2342159698650437 0
./p450/A0A1J3HHS2/AF-A0A1J3HHS2-F1-filled_v4.cif 155 8.180883693098197 51
./p450/A0A1J3HHS2/fold_a0a1j3hhs2_model_0.cif 167 2.2285169956722344 0
./p450/A0A1Y3ATV4/AF-A0A1Y3ATV4-F1-filled_v4.cif 36 14.248138334533392 0
./p450/A0A1Y3ATV4/fold_a0a1y3atv4_model_0.cif 34 14.50408704469192 0
./p450/A0A1B9CHK4/AF-A0A1B9CHK4-F1-filled_v4.cif 147 2.1037174239902083 0
./p450/A0A1B9CHK4/fold_a0a1b9chk4_model_0.cif 137 2.159069243910441 0
./p450/A0A1U8KP76/AF-A0A1U8KP76-F1-filled_v4.cif 129 2.339824138690769 0
./p450/A0A1U8KP76/fold_a0a1u8kp76_model_0.cif 130 2.1333297916637273 0
./p450/A0A1U8MRM3/fold_a0a1u8mrm3_model_0.cif 157 2.2147132997297865 0
./p450/A0A1U8MRM3/AF-A0A1U8MRM3-F1-filled_v4.cif 130 7.202618482191044 65
./p450/A0A2I0T5B9/AF-A0A2I0T5B9-F1-filled_v4.cif 66 19.79923528826303 16
./p450/A0A2I0T5B9/fold_a0a2i0t5b9_model_0.cif 86 24.646320029570337 0
./p450/A0A1L7WLC9/fold_a0a1l7wlc9_model_0.cif 144 21.87945860847567 0
./p450/A0A1L7WLC9/AF-A0A1L7WLC9-F1-filled_v4.cif 101 22.409577840735867 0
./p450/A0A1L7XEP7/fold_a0a1l7xep7_model_0.cif 170 2.2990574155509904 0
./p450/A0A1L7XEP7/AF-A0A1L7XEP7-F1-filled_v4.cif 154 7.935044171269623 78
./p450/A0A1W2FQA4/AF-A0A1W2FQA4-F1-filled_v4.cif 187 9.08303853344243 59
./p450/A0A1W2FQA4/fold_a0a1w2fqa4_model_0.cif 174 2.3906302516282185 0
./p450/A0A1M7PCX2/AF-A0A1M7PCX2-F1-filled_v4.cif 203 7.7785167609255685 108
./p450/A0A1M7PCX2/fold_a0a1m7pcx2_model_0.cif 155 2.2766128348931 0
./p450/A0A1H4KQL3/fold_a0a1h4kql3_model_0.cif 161 2.2598260995041186 0
./p450/A0A1H4KQL3/AF-A0A1H4KQL3-F1-filled_v4.cif 158 2.428044480646926 0
./p450/A0A0S6UNL6/fold_a0a0s6unl6_model_0.cif 167 2.2829388953714904 0
./p450/A0A0S6UNL6/AF-A0A0S6UNL6-F1-filled_v4.cif 151 5.810971089241453 44
./p450/A0A1A0Q653/fold_a0a1a0q653_model_0.cif 167 2.2512090085107603 0
./p450/A0A1A0Q653/AF-A0A1A0Q653-F1-filled_v4.cif 142 3.096489786839285 21
./p450/A0A1X0T824/AF-A0A1X0T824-F1-filled_v4.cif 114 6.512941654889901 44
./p450/A0A1X0T824/fold_a0a1x0t824_model_0.cif 175 2.2163833152232484 0
./p450/A0A2G2ZZD8/fold_a0a2g2zzd8_model_0.cif 128 2.1196256745000994 0
./p450/A0A2G2ZZD8/AF-A0A2G2ZZD8-F1-filled_v4.cif 99 2.3759926346687195 0
./p450/A0A1Y2IUU6/AF-A0A1Y2IUU6-F1-filled_v4.cif 3 29.782886445071103 0
./p450/A0A1Y2IUU6/fold_a0a1y2iuu6_model_0.cif 173 2.2575112402820943 0
./p450/A0A2A2ZRT2/fold_a0a2a2zrt2_model_0.cif 156 2.338483482943593 0
./p450/A0A2A2ZRT2/AF-A0A2A2ZRT2-F1-filled_v4.cif 169 8.319735212132654 47
./p450/A0A0S3U0P1/fold_a0a0s3u0p1_model_0.cif 160 2.20154877302321 0
./p450/A0A0S3U0P1/AF-A0A0S3U0P1-F1-filled_v4.cif 153 4.285945753273133 31
./p450/A0A1L1WGL3/fold_a0a1l1wgl3_model_0.cif 156 2.3774564139012098 0
./p450/A0A1L1WGL3/AF-A0A1L1WGL3-F1-filled_v4.cif 83 26.448287014474108 18
./p450/A0A0A9ZBQ0/fold_a0a0a9zbq0_111_model_0.cif 76 13.790010587378097 0
./p450/A0A0A9ZBQ0/fold_a0a0a9zbq0_222_model_0.cif 74 13.721696141512536 0
./p450/A0A0A9ZBQ0/fold_a0a0a9zbq0_model_0.cif 70 14.016911321685674 0
./p450/A0A0A9ZBQ0/AF-A0A0A9ZBQ0-F1-filled_v4.cif 103 9.19873496737459 77
./p450/A0A0A9ZBQ0/fold_a0a0a9zbq0_444_model_0.cif 71 14.731924008764098 0
./p450/A0A0A9ZBQ0/fold_a0a0a9zbq0_555_model_0.cif 72 14.239908321334093 0
./p450/A0A0A9ZBQ0/fold_a0a0a9zbq0_333_model_0.cif 73 13.636586376362672 0
./p450/A0A0K8W6W3/AF-A0A0K8W6W3-F1-filled_v4.cif 158 4.479884261897845 34
./p450/A0A0K8W6W3/fold_a0a0k8w6w3_model_0.cif 169 2.143429261720573 0
./p450/A0A1R1E3Q1/fold_a0a1r1e3q1_model_0.cif 170 2.2598743327893254 0
./p450/A0A1R1E3Q1/AF-A0A1R1E3Q1-F1-filled_v4.cif 153 2.14331075674994 5
./p450/A0A0K2S2A7/AF-A0A0K2S2A7-F1-filled_v4.cif 164 12.276272846430222 41
./p450/A0A0K2S2A7/fold_a0a0k2s2a7_model_0.cif 170 2.2737779135175007 0
./p450/A0A0B2SGZ6/fold_a0a0b2sgz6_222_model_0.cif 164 2.2428838578936716 0
./p450/A0A0B2SGZ6/fold_a0a0b2sgz6_111_model_0.cif 167 2.249861329060082 0
./p450/A0A0B2SGZ6/fold_a0a0b2sgz6_model_0.cif 168 2.228270405493911 0
./p450/A0A0B2SGZ6/AF-A0A0B2SGZ6-F1-filled_v4.cif 94 26.69817456306704 16
./p450/A0A0B2SGZ6/fold_a0a0b2sgz6_555_model_0.cif 170 2.2329592472770297 0
./p450/A0A0B2SGZ6/fold_a0a0b2sgz6_333_model_0.cif 165 2.2114947433805945 0
./p450/A0A0B2SGZ6/fold_a0a0b2sgz6_444_model_0.cif 167 2.2499499994444316 0
./p450/A0A0Q8F2Q6/AF-A0A0Q8F2Q6-F1-filled_v4.cif 177 7.091665319232148 21
./p450/A0A0Q8F2Q6/fold_a0a0q8f2q6_model_0.cif 158 2.2046999795890594 0
./p450/A0A0K8TU31/fold_a0a0k8tu31_model_0.cif 164 2.2553939788870587 0
./p450/A0A0K8TU31/AF-A0A0K8TU31-F1-filled_v4.cif 168 2.1655902197784322 0
./p450/A0A0S7DWG6/fold_a0a0s7dwg6_model_0.cif 172 2.2694728462795055 0
./p450/A0A0S7DWG6/AF-A0A0S7DWG6-F1-filled_v4.cif 138 7.7815845430092185 26
./p450/A0A1D6K1U5/fold_a0a1d6k1u5_model_0.cif 30 11.247848549833874 0
./p450/A0A1D6K1U5/AF-A0A1D6K1U5-F1-filled_v4.cif 81 14.575837711774923 23
./p450/A0A1U7T0A1/AF-A0A1U7T0A1-F1-filled_v4.cif 222 9.157582705059234 83
./p450/A0A1U7T0A1/fold_a0a1u7t0a1_model_0.cif 169 2.391618071515601 0
./p450/A0A0D7CME6/fold_a0a0d7cme6_333_model_0.cif 159 2.2657780120744397 0
./p450/A0A0D7CME6/fold_a0a0d7cme6_555_model_0.cif 157 2.2515279256540435 0
./p450/A0A0D7CME6/fold_a0a0d7cme6_222_model_0.cif 158 2.2772496569326783 0
./p450/A0A0D7CME6/fold_a0a0d7cme6_111_model_0.cif 156 2.253972936838417 0
./p450/A0A0D7CME6/fold_a0a0d7cme6_model_0.cif 156 2.27394568976482 0
./p450/A0A0D7CME6/fold_a0a0d7cme6_444_model_0.cif 159 2.2816136833390535 0
./p450/A0A0D7CME6/AF-A0A0D7CME6-F1-filled_v4.cif 167 2.4006674072015883 0
./p450/A0A0P7CLY1/fold_a0a0p7cly1_model_0.cif 167 2.2469804182502346 0
./p450/A0A0P7CLY1/AF-A0A0P7CLY1-F1-filled_v4.cif 192 7.045722177321498 127
./p450/A0A0G2ETI5/AF-A0A0G2ETI5-F1-filled_v4.cif 134 4.7325599837719965 22
./p450/A0A0G2ETI5/fold_a0a0g2eti5_model_0.cif 154 2.2067145261678056 0
./p450/A0A1D1XKI5/fold_a0a1d1xki5_model_0.cif 72 999 0
./p450/A0A1D1XKI5/AF-A0A1D1XKI5-F1-filled_v4.cif 71 999 16
./p450/A0A1B7YBR3/AF-A0A1B7YBR3-F1-filled_v4.cif 156 2.601619111245918 22
./p450/A0A1B7YBR3/fold_a0a1b7ybr3_model_0.cif 176 2.2487583240535214 0
./p450/A0A1H3TA19/fold_a0a1h3ta19_model_0.cif 169 2.2949442259017974 0
./p450/A0A1H3TA19/AF-A0A1H3TA19-F1-filled_v4.cif 149 1.6494793117829643 45
./p450/A0A0K3BRM9/AF-A0A0K3BRM9-F1-filled_v4.cif 173 2.2357848733722125 0
./p450/A0A0K3BRM9/fold_a0a0k3brm9_model_0.cif 168 2.196400236751034 0
./p450/A0A1C3X897/fold_a0a1c3x897_model_0.cif 159 2.323487895384867 0
./p450/A0A1C3X897/AF-A0A1C3X897-F1-filled_v4.cif 150 4.314316284186869 18
./p450/A0A1L8EDU2/fold_a0a1l8edu2_model_0.cif 168 2.2222891351037113 0
./p450/A0A1L8EDU2/AF-A0A1L8EDU2-F1-filled_v4.cif 169 2.193271984957634 0
./p450/A0A0J7K3U4/fold_a0a0j7k3u4_model_0.cif 82 16.526477331845406 0
./p450/A0A0J7K3U4/AF-A0A0J7K3U4-F1-filled_v4.cif 147 15.83565994835706 26
./p450/A0A0M8U856/AF-A0A0M8U856-F1-filled_v4.cif 166 2.3266793934704455 0
./p450/A0A0M8U856/fold_a0a0m8u856_model_0.cif 161 2.2415889453688873 0
./p450/A0A1J7JZK4/fold_a0a1j7jzk4_model_0.cif 167 2.275415566440557 0
./p450/A0A1J7JZK4/AF-A0A1J7JZK4-F1-filled_v4.cif 127 10.61330457491916 55
./p450/A0A1D6E270/AF-A0A1D6E270-F1-filled_v4.cif 174 2.680278716850171 5
./p450/A0A1D6E270/fold_a0a1d6e270_model_0.cif 167 2.2584439333310895 0
./p450/A0A1Y4X863/fold_a0a1y4x863_model_0.cif 165 2.25862524558635 0
./p450/A0A1Y4X863/AF-A0A1Y4X863-F1-filled_v4.cif 138 4.537547134741412 73
./p450/A0A1U7T4T3/fold_a0a1u7t4t3_model_0.cif 138 2.1669688507221325 0
./p450/A0A1U7T4T3/AF-A0A1U7T4T3-F1-filled_v4.cif 134 2.6827385262078747 102
./p450/A0A2H3SMZ7/AF-A0A2H3JM83-F1-filled_v4.cif 178 15.849965236554937 40
./p450/A0A2H3SMZ7/fold_a0a2h3smz7_model_0.cif 164 2.2002477133268425 0
./p450/A0A1U8PDC9/AF-A0A1U8PDC9-F1-filled_v4.cif 163 3.704086122108934 71
./p450/A0A1U8PDC9/fold_a0a1u8pdc9_model_0.cif 172 2.2408545245062204 0
./p450/A0A1W6R7H9/fold_a0a1w6r7h9_model_0.cif 167 2.2429589831292063 0
./p450/A0A1W6R7H9/AF-A0A1W6R7H9-F1-filled_v4.cif 140 3.534378870466493 49
./p450/A0A1U8N3N8/fold_a0a1u8n3n8_model_0.cif 143 2.1966442588639605 0
./p450/A0A1U8N3N8/AF-A0A1U8N3N8-F1-filled_v4.cif 113 6.837498226690813 67
./p450/A0A2G8B4J3/AF-A0A2G8B4J3-F1-filled_v4.cif 193 7.516224384622906 149
./p450/A0A2G8B4J3/fold_a0a2g8b4j3_model_0.cif 171 2.3258327540904573 0
./p450/A0A1X9YFB6/fold_a0a1x9yfb6_model_0.cif 163 2.3163490669586055 0
./p450/A0A1X9YFB6/AF-A0A1X9YFB6-F1-filled_v4.cif 153 2.3943853073388173 15
./p450/A0A2B4S2R8/AF-A0A2B4S2R8-F1-filled_v4.cif 202 16.260154765561122 49
./p450/A0A2B4S2R8/fold_a0a2b4s2r8_model_0.cif 162 2.2152347505399965 0
./p450/A0A1E1L2B0/fold_a0a1e1l2b0_model_0.cif 160 2.183426206676104 0
./p450/A0A1E1L2B0/AF-A0A1E1L2B0-F1-filled_v4.cif 114 25.986907261157494 25
./p450/A0A0D9SBE4/AF-A0A0D9SBE4-F1-filled_v4.cif 147 2.4199473134760594 1
./p450/A0A0D9SBE4/fold_a0a0d9sbe4_model_0.cif 155 2.3384948150466363 0
./p450/A0A0P7CCE3/AF-A0A0P7CCE3-F1-filled_v4.cif 194 8.797646617135744 63
./p450/A0A0P7CCE3/fold_a0a0p7cce3_model_0.cif 170 2.285214431951628 0
./p450/A0A0H3D6U5/fold_a0a0h3d6u5_model_0.cif 164 2.356746486154164 0
./p450/A0A0H3D6U5/AF-A0A0H3D6U5-F1-filled_v4.cif 201 13.77315381457711 164
./p450/A0A0K8TYL4/fold_a0a0k8tyl4_model_0.cif 154 2.2741884266700505 0
./p450/A0A0K8TYL4/AF-A0A0K8TYL4-F1-filled_v4.cif 129 22.2372044106268 39
./p450/A0A1M5I7D6/fold_a0a1m5i7d6_model_0.cif 159 2.2520794834996387 0
./p450/A0A1M5I7D6/AF-A0A1M5I7D6-F1-filled_v4.cif 152 1.9061127983411688 1
./p450/A0A2A9M0Q7/fold_a0a2a9m0q7_model_0.cif 157 2.271895464144423 0
./p450/A0A2A9M0Q7/AF-A0A2A9M0Q7-F1-filled_v4.cif 168 18.149876500957244 113
./p450/A0A0G3A0J0/fold_a0a0g3a0j0_model_0.cif 161 2.2718241569276434 0
./p450/A0A0G3A0J0/AF-A0A0G3A0J0-F1-filled_v4.cif 172 5.522709298885829 86
./p450/A0A1Y2TXE2/AF-A0A1Y2TXE2-F1-filled_v4.cif 198 15.45250795178569 49
./p450/A0A1Y2TXE2/fold_a0a1y2txe2_model_0.cif 166 2.34732294326963 0
./p450/A0A2E3D7R3/fold_a0a2e3d7r3_model_0.cif 178 2.2361730702251115 0
./p450/A0A2E3D7R3/AF-A0A2E3D7R3-F1-filled_v4.cif 172 2.245223374187967 0
./p450/A0A1M4J650/AF-A0A1M4J650-F1-filled_v4.cif 121 23.31548159485452 56
./p450/A0A1M4J650/fold_a0a1m4j650_model_0.cif 91 2.119946461588122 0
./p450/A0A0G2K0N7/AF-A0A0G2K0N7-F1-filled_v4.cif 163 2.3946175059913015 0
./p450/A0A0G2K0N7/fold_a0a0g2k0n7_model_0.cif 168 2.1905930703807135 0
./p450/A0A0M9XFS5/AF-A0A0M9XFS5-F1-filled_v4.cif 138 3.819140479217804 38
./p450/A0A0M9XFS5/fold_a0a0m9xfs5_model_0.cif 153 2.256589905144486 0
./p450/A0A0B4X248/AF-A0A0B4X248-F1-filled_v4.cif 162 8.438704225175805 56
./p450/A0A0B4X248/fold_a0a0b4x248_444_model_0.cif 161 2.345159056439456 0
./p450/A0A0B4X248/fold_a0a0b4x248_222_model_0.cif 166 2.355334583450938 0
./p450/A0A0B4X248/fold_a0a0b4x248_555_model_0.cif 163 2.3383175575614192 0
./p450/A0A0B4X248/fold_a0a0b4x248_model_0.cif 161 2.3567713083793254 0
./p450/A0A0B4X248/fold_a0a0b4x248_333_model_0.cif 160 2.330340962176994 0
./p450/A0A0B4X248/fold_a0a0b4x248_111_model_0.cif 157 2.353501858932769 0
./p450/A0A2A3IQT8/AF-A0A2A3IQT8-F1-filled_v4.cif 214 7.807308435049815 118
./p450/A0A2A3IQT8/fold_a0a2a3iqt8_model_0.cif 186 2.2401296837460105 0
./p450/A0A0B2YG93/fold_a0a0b2yg93_555_model_0.cif 165 2.2418505748599746 0
./p450/A0A0B2YG93/fold_a0a0b2yg93_444_model_0.cif 166 2.2313986645151513 0
./p450/A0A0B2YG93/AF-A0A0B2YG93-F1-filled_v4.cif 167 2.074936143595749 0
./p450/A0A0B2YG93/fold_a0a0b2yg93_333_model_0.cif 164 2.2394691335224963 0
./p450/A0A0B2YG93/fold_a0a0b2yg93_model_0.cif 165 2.2201195913734018 0
./p450/A0A0B2YG93/fold_a0a0b2yg93_222_model_0.cif 167 2.2194539869075904 0
./p450/A0A0B2YG93/fold_a0a0b2yg93_111_model_0.cif 165 2.2252786342388675 0
./p450/A0A1C5C9G5/AF-A0A1C5C9G5-F1-filled_v4.cif 127 21.527283641927514 60
./p450/A0A1C5C9G5/fold_a0a1c5c9g5_model_0.cif 150 2.2627028085897627 0
./p450/A0A1L7XU09/fold_a0a1l7xu09_model_0.cif 111 2.168359056982953 0
./p450/A0A1L7XU09/AF-A0A1L7XU09-F1-filled_v4.cif 158 14.722415630595409 85
./p450/A0A0J5JKX6/fold_a0a0j5jkx6_model_0.cif 136 2.1729882650396433 0
./p450/A0A0J5JKX6/AF-A0A0J5JKX6-F1-filled_v4.cif 139 1.8791043079084249 0
./p450/A0A1L7SN17/AF-A0A1L7SN17-F1-filled_v4.cif 181 5.641344343328105 100
./p450/A0A1L7SN17/fold_a0a1l7sn17_model_0.cif 166 2.227956238349398 0
./p450/A0A2I1CXX0/fold_a0a2i1cxx0_model_0.cif 173 2.2663285287001087 0
./p450/A0A2I1CXX0/AF-A0A2I1CXX0-F1-filled_v4.cif 124 21.293120438301194 10
./p450/A0A1I4FSB3/fold_a0a1i4fsb3_model_0.cif 147 2.34518336170117 0
./p450/A0A1I4FSB3/AF-A0A1I4FSB3-F1-filled_v4.cif 150 2.321910851001821 0
./p450/A0A1S9D896/AF-A0A1S9D896-F1-filled_v4.cif 173 8.212840008182312 29
./p450/A0A1S9D896/fold_a0a1s9d896_model_0.cif 145 2.18017705703 0
./p450/A0A1A8C9I1/fold_a0a1a8c9i1_model_0.cif 89 2.1994167408656327 0
./p450/A0A1A8C9I1/AF-A0A1A8C9I1-F1-filled_v4.cif 93 2.0163749651292537 0
./p450/A0A0M9YAV6/fold_a0a0m9yav6_model_0.cif 160 2.3442024230001985 0
./p450/A0A0M9YAV6/AF-A0A0M9YAV6-F1-filled_v4.cif 162 2.497667311713071 0
./p450/A0A2G4SZN3/fold_a0a2g4szn3_model_0.cif 158 2.330536633481654 0
./p450/A0A2G4SZN3/AF-A0A2G4SZN3-F1-filled_v4.cif 139 3.314881898348718 73
./p450/A0A0B4VSW3/fold_a0a0b4vsw3_555_model_0.cif 159 2.252828444422699 0
./p450/A0A0B4VSW3/fold_a0a0b4vsw3_444_model_0.cif 155 2.2467687909529097 0
./p450/A0A0B4VSW3/AF-A0A0B4VSW3-F1-filled_v4.cif 162 2.3778540745806924 0
./p450/A0A0B4VSW3/fold_a0a0b4vsw3_222_model_0.cif 154 2.264181971485508 0
./p450/A0A0B4VSW3/fold_a0a0b4vsw3_333_model_0.cif 156 2.281888910530046 0
./p450/A0A0B4VSW3/fold_a0a0b4vsw3_111_model_0.cif 155 2.2971558501764737 0
./p450/A0A0B4VSW3/fold_a0a0b4vsw3_model_0.cif 157 2.2674891399960444 0
./p450/A0A0B5EPZ8/fold_a0a0b5epz8_model_0.cif 168 2.2632642355677337 0
./p450/A0A0B5EPZ8/fold_a0a0b5epz8_222_model_0.cif 168 2.2696455670434537 0
./p450/A0A0B5EPZ8/AF-A0A0B5EPZ8-F1-filled_v4.cif 162 1.9133731993523893 0
./p450/A0A0B5EPZ8/fold_a0a0b5epz8_555_model_0.cif 168 2.272914648639495 0
./p450/A0A0B5EPZ8/fold_a0a0b5epz8_444_model_0.cif 167 2.2411807156050587 0
./p450/A0A0B5EPZ8/fold_a0a0b5epz8_111_model_0.cif 165 2.239714713975867 0
./p450/A0A0B5EPZ8/fold_a0a0b5epz8_333_model_0.cif 169 2.2694697618606865 0
./p450/A0A2H3DTW8/AF-A0A2H3DTW8-F1-filled_v4.cif 126 20.62644072543782 8
./p450/A0A2H3DTW8/fold_a0a2h3dtw8_model_0.cif 175 2.276408135638247 0
./p450/A0A0M2GXN9/AF-A0A0M2GXN9-F1-filled_v4.cif 169 2.7121978172692343 0
./p450/A0A0M2GXN9/fold_a0a0m2gxn9_model_0.cif 157 2.2687666252834378 0
./p450/A0A1Q3BWQ5/fold_a0a1q3bwq5_model_0.cif 163 2.2012516893803857 0
./p450/A0A1Q3BWQ5/AF-A0A1Q3BWQ5-F1-filled_v4.cif 182 14.350283133095319 48
./p450/A0A1W2TP41/AF-A0A1W2TP41-F1-filled_v4.cif 111 19.673586836161828 27
./p450/A0A1W2TP41/fold_a0a1w2tp41_model_0.cif 161 2.242575528271011 0
./p450/A0A1H2CHW1/AF-A0A1H2CHW1-F1-filled_v4.cif 158 1.9291889487554086 5
./p450/A0A1H2CHW1/fold_a0a1h2chw1_model_0.cif 161 2.194188232581699 0
./p450/A0A1A9BVM2/fold_a0a1a9bvm2_model_0.cif 152 2.398562069240653 0
./p450/A0A1A9BVM2/AF-A0A1A9BVM2-F1-filled_v4.cif 153 2.0959732822724626 0
./p450/A0A2G8SKX5/fold_a0a2g8skx5_model_0.cif 169 2.2937667710558545 0
./p450/A0A2G8SKX5/AF-A0A2G8SKX5-F1-filled_v4.cif 170 7.562825265732377 117
./p450/A0A0I9XQ66/AF-A0A0I9XQ66-F1-filled_v4.cif 187 13.18305833257215 55
./p450/A0A0I9XQ66/fold_a0a0i9xq66_model_0.cif 135 2.2386294914523033 0
./p450/A0A1Z4ER76/fold_a0a1z4er76_model_0.cif 152 2.2426210112277105 0
./p450/A0A1Z4ER76/AF-A0A1Z4ER76-F1-filled_v4.cif 153 2.0645420799780276 0
./p450/A0A0A9WLV5/fold_a0a0a9wlv5_333_model_0.cif 57 14.47553083655311 0
./p450/A0A0A9WLV5/fold_a0a0a9wlv5_444_model_0.cif 52 14.347030285045054 0
./p450/A0A0A9WLV5/fold_a0a0a9wlv5_111_model_0.cif 51 14.26367252848999 0
./p450/A0A0A9WLV5/fold_a0a0a9wlv5_model_0.cif 43 14.46108408799285 0
./p450/A0A0A9WLV5/fold_a0a0a9wlv5_222_model_0.cif 51 14.993828096920414 0
./p450/A0A0A9WLV5/AF-A0A0A9WLV5-F1-filled_v4.cif 21 14.37847870951583 2
./p450/A0A0A9WLV5/fold_a0a0a9wlv5_555_model_0.cif 48 14.652083981468301 0
./p450/A0A1H4PXZ3/fold_a0a1h4pxz3_model_0.cif 160 2.21091858737494 0
./p450/A0A1H4PXZ3/AF-A0A1H4PXZ3-F1-filled_v4.cif 168 2.4630196913544973 0
