./alfpdb/alf1/apdb.pdb 1 0 2.164908722030162 91.74521899223328
./alfpdb/alf2/apdb.pdb 1 0 2.758917943614211 83.40899109840393
./alfpdb/alf3/apdb.pdb 1 0 2.391453427924082 134.19183540344238
./alfpdb/alf5/apdb.pdb 0 0 3.7074994083895882 103.8781304359436
./alfpdb/alf6/apdb.pdb 1 0 2.1583469689980896 105.50928783416748
./alfpdb/alf7/apdb.pdb 1 0 2.250583666087733 106.03230547904968
./alfpdb/alf8/apdb.pdb 1 0 2.2659343082407926 93.66729307174683
./alfpdb/alf9/apdb.pdb 1 0 2.300707479700233 92.27760171890259
./alfpdb/alf10/apdb.pdb 1 0 2.4963176520521855 88.34942984580994
./alfpdb/alf11/apdb.pdb 1 0 2.00248220884741 100.7308943271637
./alfpdb/alf12/apdb.pdb 1 0 2.5735571487438986 104.75456547737122
./alfpdb/alf13/apdb.pdb 1 0 2.6173182601124974 83.81726741790771
./alfpdb/alf14/apdb.pdb 1 0 2.171421420744857 108.10760378837585
./alfpdb/alf15/apdb.pdb 1 0 2.511426129418478 80.67505693435669
./alfpdb/alf16/apdb.pdb 0 12 3.9672643046974683 107.99796557426453
./alfpdb/alf18/apdb.pdb 1 0 2.0069918604398342 95.69233632087708
./alfpdb/alf19/apdb.pdb 1 0 1.957596352173715 107.41039299964905
./alfpdb/alf20/apdb.pdb 0 0 4.5435683198196015 117.02846121788025
./alfpdb/alf21/apdb.pdb 0 0 3.6078897953983686 94.72184038162231
./alfpdb/alf22/apdb.pdb 1 0 2.407964336444281 101.3849196434021
./alfpdb/alf24/apdb.pdb 1 0 2.4312039932054144 101.52453851699829
./alfpdb/alf25/apdb.pdb 1 0 2.3655175286127808 106.17496514320374
./alfpdb/alf26/apdb.pdb 1 0 2.6557129273375697 92.66347980499268
./alfpdb/alf28/apdb.pdb 0 0 3.6008059227007085 116.71108102798462
./alfpdb/alf29/apdb.pdb 1 0 1.9739216786663245 103.05466675758362
./alfpdb/alf30/apdb.pdb 1 0 2.091093264265638 104.56798195838928
./alfpdb/alf31/apdb.pdb 1 0 2.30732747399156 111.94954347610474
./alfpdb/alf32/apdb.pdb 1 0 2.5913349452121994 92.07685351371765
./alfpdb/alf33/apdb.pdb 1 0 2.050525440392173 126.86297488212585
./alfpdb/alf34/apdb.pdb 0 0 3.6904667554500885 88.98974323272705
./alfpdb/alf35/apdb.pdb 0 0 3.5805419560865896 100.42496657371521
./alfpdb/alf36/apdb.pdb 1 0 2.2691389902538623 99.67568135261536
./alfpdb/alf37/apdb.pdb 1 0 2.561429919481696 93.76969337463379
./alfpdb/alf38/apdb.pdb 1 0 2.686471944797015 100.60600352287292
./alfpdb/alf39/apdb.pdb 1 0 2.5683819549621565 113.37279510498047
./alfpdb/alf40/apdb.pdb 1 0 2.0978954049346576 106.68104267120361
./alfpdb/alf41/apdb.pdb 1 0 2.7121111002041567 99.70949077606201
./alfpdb/alf42/apdb.pdb 1 0 2.547178354930497 115.79909372329712
./alfpdb/alf43/apdb.pdb 1 0 2.235412720375871 105.05925011634827
./alfpdb/alf44/apdb.pdb 1 0 1.979701257949274 110.56857967376709
./alfpdb/alf45/apdb.pdb 1 0 2.55079547864758 109.4103639125824
./alfpdb/alf46/apdb.pdb 1 0 2.3672343056801863 95.2578375339508
./alfpdb/alf47/apdb.pdb 1 0 2.0623273991512954 105.38656115531921
./alfpdb/alf48/apdb.pdb 1 0 2.210359349638704 105.52284097671509
./alfpdb/alf49/apdb.pdb 0 0 3.547930593970465 101.18850302696228
./alfpdb/alf51/apdb.pdb 1 0 2.421019298128164 108.25520777702332
./alfpdb/alf52/apdb.pdb 0 0 3.733303963487249 78.28976559638977
./alfpdb/alf53/apdb.pdb 1 0 2.068656802205214 93.67575001716614
./alfpdb/alf54/apdb.pdb 1 0 2.411347030420525 94.5475537776947
./alfpdb/alf55/apdb.pdb 1 0 2.201390069274275 94.46087193489075
./alfpdb/alf56/apdb.pdb 1 0 2.434548601118534 97.89739489555359
./alfpdb/alf57/apdb.pdb 1 0 2.465069654556542 101.46409368515015
./alfpdb/alf59/apdb.pdb 1 0 1.9805399578548644 78.3588924407959
./alfpdb/alf60/apdb.pdb 1 0 2.117531562082628 122.74304747581482
./alfpdb/alf61/apdb.pdb 0 0 3.6351037625711338 114.44068455696106
./alfpdb/alf62/apdb.pdb 1 0 2.500603392603794 110.00184917449951
./alfpdb/alf63/apdb.pdb 1 0 2.1337586244743796 133.04953050613403
./alfpdb/alf64/apdb.pdb 1 0 2.467700039407095 94.61579322814941
./alfpdb/alf65/apdb.pdb 1 0 2.377851400667256 102.42896842956543
./alfpdb/alf66/apdb.pdb 0 0 3.7256821298735243 102.7456169128418
./alfpdb/alf67/apdb.pdb 1 0 2.352709777648535 101.3505711555481
./alfpdb/alf68/apdb.pdb 0 4 3.6644180948306206 109.70309638977051
./alfpdb/alf69/apdb.pdb 1 0 2.5290270163732282 95.77321314811707
./alfpdb/alf70/apdb.pdb 0 0 3.670732153276378 86.06118202209473
./alfpdb/alf71/apdb.pdb 1 0 2.7301322897320675 107.38513970375061
./alfpdb/alf72/apdb.pdb 1 0 2.152650016891829 106.91105341911316
./alfpdb/alf73/apdb.pdb 0 0 3.544256365129001 77.7867169380188
./alfpdb/alf74/apdb.pdb 1 0 2.0124273312296794 104.34897351264954
./alfpdb/alf75/apdb.pdb 0 0 4.3176558633168804 158.53560590744019
./alfpdb/alf76/apdb.pdb 1 0 2.203886508147323 194.6788477897644
./alfpdb/alf78/apdb.pdb 1 0 1.9651334001441323 111.08717560768127
./alfpdb/alf80/apdb.pdb 1 0 2.5107932506756026 152.32833194732666
./alfpdb/alf81/apdb.pdb 0 1 3.5799802524535105 107.94468307495117
./alfpdb/alf82/apdb.pdb 1 0 2.1270396720563642 100.3320837020874
./alfpdb/alf83/apdb.pdb 1 0 2.3651971526183297 102.10272479057312
./alfpdb/alf84/apdb.pdb 1 0 2.7280693390377566 111.73048639297485
./alfpdb/alf85/apdb.pdb 1 0 2.2981386615770902 102.5123200416565
./alfpdb/alf86/apdb.pdb 1 0 2.0583687653855107 82.51121163368225
./alfpdb/alf87/apdb.pdb 0 0 3.6265678113751503 113.4093906879425
./alfpdb/alf88/apdb.pdb 1 0 2.391047166959462 93.26038789749146
./alfpdb/alf89/apdb.pdb 1 0 2.0113514561319676 93.13245916366577
./alfpdb/alf90/apdb.pdb 1 0 2.357236288678641 100.34328246116638
./alfpdb/alf91/apdb.pdb 0 0 3.607554746513552 100.84238147735596
./alfpdb/alf92/apdb.pdb 1 0 2.038036901180382 113.36652994155884
./alfpdb/alf94/apdb.pdb 1 0 1.9789901456597747 157.06319332122803
./alfpdb/alf96/apdb.pdb 1 0 2.3062491010912844 106.26433444023132
./alfpdb/alf97/apdb.pdb 1 0 2.531968071254164 80.66217851638794
./alfpdb/alf98/apdb.pdb 0 0 4.5179703138727705 109.85755610466003
./alfpdb/alf99/apdb.pdb 1 0 2.534637623060039 97.9189875125885
