0 0 3.4322497
1 0 2.17284928
2 0 2.76085892
3 0 2.3841078
5 0 3.43262014
6 0 2.15815245
7 0 2.25322946
8 0 2.26670929
9 0 2.30433049
10 0 2.50260404
11 0 1.99018341
12 0 2.57374299
13 0 2.61760291
14 0 2.17885429
15 0 2.51932709
16 12 3.52383498
18 0 2.00097726
19 0 1.946232
20 0 3.40955158
21 0 3.35453574
22 0 2.41080733
24 0 2.43101748
25 0 2.36473318
26 0 2.66498499
28 4 3.33227505
29 0 1.96428129
30 0 2.09065157
31 0 2.30218961
32 0 2.60035786
33 0 2.04332694
34 0 3.40432578
35 0 3.28743745
36 0 2.26739101
37 0 2.56193013
38 0 2.68716096
39 0 2.56993813
40 0 2.09818827
41 0 2.71222787
42 0 2.54633953
43 0 2.23552611
44 0 1.95424129
45 0 2.55126733
46 0 2.36799852
47 0 2.06195272
48 0 2.19687801
49 0 3.31607026
51 0 2.42101652
52 0 3.44766356
53 0 2.06633274
54 0 2.41610699
55 0 2.20111449
56 0 2.44106145
57 0 2.47248114
59 0 1.97810718
60 0 2.11656939
61 6 3.41013915
62 0 2.50247597
63 0 2.13261741
64 0 2.49916666
65 0 2.37550437
66 0 3.45981228
67 0 2.35031849
68 9 3.43262014
69 0 2.5294025
70 0 3.39839756
71 0 2.73065651
72 0 2.1555809
73 0 3.31607026
74 0 2.01178677
75 2 3.43262014
76 0 2.19955382
78 0 1.95297568
80 0 2.51355724
81 3 3.4576667
82 0 2.13009882
83 0 2.36515771
84 0 2.72762332
85 0 2.30543055
86 0 2.0537383
87 2 3.35775893
88 0 2.39642797
89 0 2.00470347
90 0 2.35279345
91 0 3.35453574
92 0 2.02852409
94 0 1.97820676
96 0 2.30521366
97 0 2.53238899
98 0 3.40955158
99 0 2.54595306
