312	2189	0
616	677	-2
636	676	5
608	662	-9
760	658	-12
615	656	-9
761	646	4
387	639	-10
406	634	-12
80	625	1
127	603	1
289	601	-10
282	596	-10
392	591	1
142	584	1
269	572	-9
985	562	-9
785	556	1
1103	550	2
170	545	2
946	544	-6
177	527	0
117	525	0
144	525	0
789	525	2
93	524	1
348	521	1
403	519	1
415	518	1
402	517	2
490	517	0
767	516	1
171	511	2
654	510	2
146	509	0
577	509	1
583	509	43
525	506	1
176	503	1
770	503	2
172	501	2
401	501	2
409	500	1
589	500	1
60	499	1
179	498	1
63	495	1
463	494	-4
145	493	0
316	493	1
790	493	2
175	490	1
116	489	0
633	489	1
199	485	2
489	484	1
143	483	0
81	481	2
153	474	-21
298	474	0
586	474	1
513	471	3
391	468	1
864	466	-12
769	465	1
655	464	2
487	462	1
984	462	-11
178	459	1
346	459	1
385	459	4
940	459	-7
488	455	1
329	449	0
797	449	2
311	440	0
1009	438	0
573	435	-1
705	431	-2
827	429	-8
524	427	-19
1007	426	-1
1137	423	-6
939	422	-7
464	421	-5
774	417	-6
845	417	-1
571	416	-2
828	415	-6
9	414	4
400	411	-6
1136	409	-6
865	408	-18
1135	408	-6
781	402	-5
846	394	-3
903	394	4
706	392	-6
834	391	-6
543	389	-4
718	387	5
758	387	-18
986	387	8
85	385	5
843	382	-29
777	379	-8
599	370	9
959	361	9
842	360	-25
609	357	3
1104	357	5
637	356	5
1100	355	5
1000	353	-8
327	351	3
322	350	6
784	347	1
1065	346	1
825	345	5
161	343	9
617	343	8
1062	343	3
544	342	6
575	342	6
408	341	6
1066	340	-2
321	339	9
523	339	-3
859	338	-1
1050	337	-2
541	336	5
779	335	-6
598	334	12
1057	334	1
286	330	74
465	330	-5
574	330	6
1028	329	-8
1102	329	5
1139	329	0
338	327	9
466	327	-4
1173	327	3
361	326	-3
1076	324	-6
1171	324	22
1174	323	-3
808	322	-8
1085	322	0
522	321	-5
1177	321	12
337	320	6
305	319	36
780	318	-2
830	318	-2
831	318	-6
987	318	3
1060	318	-5
584	317	43
1101	315	5
994	314	17
195	313	2
587	313	4
853	313	1
991	313	12
1072	313	2
768	312	4
942	312	10
809	311	-8
989	311	3
1170	311	6
389	309	4
569	307	13
822	307	5
313	306	5
759	306	-14
832	306	-3
1058	304	5
1002	303	4
1176	303	9
576	302	-4
829	302	-3
941	302	10
1134	302	8
1169	302	1
108	300	2
416	300	5
778	300	-3
1115	300	12
1166	300	-8
1168	300	24
1175	300	9
1059	299	40
1138	299	-6
990	298	20
324	297	-12
835	297	-6
988	297	2
1061	296	1
838	295	1
850	295	13
1133	295	13
836	294	-1
1131	294	12
411	292	3
858	292	19
297	291	4
862	291	1
1130	290	19
635	289	-7
1056	289	13
293	288	6
388	288	6
992	288	6
395	287	4
514	287	5
638	287	2
833	287	16
1064	287	3
540	285	1
993	284	19
414	283	-1
1008	283	6
1051	283	15
949	282	-2
100	281	-10
634	281	-9
855	281	4
542	280	-1
1172	280	13
686	278	3
709	278	7
776	278	8
854	278	5
107	277	-2
857	277	4
1063	277	-3
948	276	3
1116	276	-10
405	275	-3
1055	275	3
844	274	3
947	274	-6
851	273	5
157	271	2
572	270	4
606	270	7
860	270	4
861	269	5
607	268	15
325	267	-9
666	267	4
856	267	4
708	263	2
106	262	7
792	262	2
404	260	2
123	259	1
536	259	1
938	259	-10
222	257	0
717	257	0
885	256	1
915	256	0
521	255	-9
887	255	0
912	255	23
267	253	3
932	253	2
1038	252	2
476	251	1
716	249	0
917	249	0
1080	249	15
1039	247	0
1040	247	0
1042	247	1
471	246	2
629	246	0
386	245	3
548	245	2
519	244	0
902	244	2
162	242	1
923	242	1
1047	242	1
180	241	20
518	241	0
886	241	4
782	240	-6
944	240	7
1078	240	17
27	239	0
457	239	2
472	239	2
475	239	1
913	239	0
26	238	0
531	238	16
1036	238	1
470	237	2
517	236	0
875	235	38
68	234	2
547	234	2
914	234	2
916	234	2
128	233	0
642	233	2
643	233	3
1069	233	19
113	232	2
122	232	0
218	232	3
1153	232	1
515	231	0
50	230	2
922	230	1
51	229	0
163	229	0
330	229	2
550	229	-6
341	228	4
67	227	2
343	227	28
345	227	27
1041	227	1
1043	227	1
121	226	0
474	226	0
29	225	46
431	225	2
631	225	0
112	224	2
304	224	0
628	224	0
884	224	2
169	223	2
194	223	0
342	223	18
928	223	29
1	222	0
752	222	2
1035	222	1
1071	222	19
158	221	0
344	221	29
1030	221	1
256	220	50
888	220	2
496	219	27
793	219	2
69	218	2
181	218	32
816	218	9
1044	218	1
407	217	0
676	217	-45
748	217	54
929	217	27
1150	217	2
545	216	2
639	216	2
492	215	28
935	215	59
270	214	0
578	214	2
625	213	-45
1147	213	1
331	212	2
1048	212	-17
1070	212	22
221	211	0
435	211	6
477	211	1
630	211	0
656	211	2
136	210	37
349	210	-18
660	210	-46
1034	210	1
1167	210	5
314	209	0
369	209	28
893	208	41
927	208	-10
1067	208	8
103	207	51
156	207	2
302	207	0
323	207	8
1148	207	1
326	206	11
473	206	2
596	206	51
818	206	5
874	206	65
1013	206	40
819	205	10
1016	205	40
19	204	46
459	204	16
479	204	1
594	204	91
753	204	40
896	204	41
1018	204	40
260	203	49
315	203	4
384	203	1
516	203	15
673	203	-44
806	203	46
867	203	60
911	203	11
943	203	2
1014	203	40
1021	203	40
1151	203	1
1152	203	59
15	202	10
130	202	26
288	202	2
546	202	2
640	202	2
1149	202	1
14	201	8
17	201	46
132	201	48
657	201	4
755	201	40
805	201	46
817	201	6
898	201	41
1015	201	40
1019	201	40
296	200	50
1017	200	40
1073	200	-3
641	199	3
647	199	48
661	199	-45
1020	199	40
54	198	66
88	198	46
104	198	46
110	198	28
135	198	35
274	198	43
294	198	54
390	198	5
420	198	49
653	198	1
743	198	40
783	198	66
2	197	19
36	197	23
154	197	0
236	197	45
333	197	2
434	197	2
652	197	1
1049	197	2
203	196	33
204	196	16
215	196	5
258	196	49
520	196	2
803	196	46
883	196	60
1117	196	24
5	195	46
23	195	46
198	195	13
350	195	-19
368	195	41
371	195	37
418	195	49
588	195	-5
692	195	43
802	195	46
882	195	43
891	195	40
4	194	46
6	194	46
8	194	31
31	194	46
111	194	46
202	194	35
240	194	48
303	194	0
436	194	47
446	194	9
509	194	1
555	194	40
595	194	70
675	194	-44
1155	194	51
275	193	44
448	193	5
804	193	46
873	193	3
894	193	40
897	193	41
982	193	50
1106	193	-45
53	192	68
235	192	53
242	192	40
328	192	6
410	192	32
460	192	9
478	192	1
1178	192	50
201	191	49
370	191	45
480	191	-18
623	191	-46
677	191	-45
892	191	41
1083	191	53
46	190	46
87	190	45
131	190	51
332	190	4
419	190	49
592	190	53
791	190	40
1098	190	50
45	189	46
92	189	0
129	189	51
217	189	9
352	189	-18
570	189	52
895	189	41
899	189	41
30	188	46
191	188	46
227	188	55
247	188	44
445	188	1
622	188	-44
955	188	50
1094	188	54
1111	188	48
197	187	21
252	187	48
452	187	36
453	187	36
754	187	40
909	187	48
1084	187	54
1097	187	50
255	186	46
351	186	-19
458	186	16
644	186	51
1075	186	-17
86	185	45
259	185	49
358	185	4
733	185	60
1010	185	50
1118	185	54
1157	185	51
101	184	24
295	184	63
353	184	-19
742	184	36
799	184	45
881	184	43
82	183	42
254	183	46
467	183	44
672	183	-46
773	183	50
876	183	75
945	183	44
1074	183	-120
1086	183	52
22	182	46
200	182	49
241	182	44
376	182	48
449	182	7
455	182	36
468	182	50
801	182	45
877	182	73
956	182	50
1091	182	53
1114	182	54
1164	182	-44
442	181	51
484	181	50
601	181	7
668	181	-45
695	181	-45
707	181	48
811	181	50
900	181	41
957	181	50
134	180	51
209	180	49
216	180	7
412	180	48
539	180	44
564	180	40
670	180	-44
800	180	45
810	180	50
904	180	51
1003	180	44
83	179	39
94	179	52
246	179	44
248	179	44
383	179	50
444	179	48
485	179	50
678	179	57
688	179	47
744	179	35
751	179	56
1011	179	45
1012	179	35
1109	179	-43
1156	179	52
21	178	46
55	178	55
137	178	44
308	178	1
422	178	49
632	178	-17
663	178	-45
905	178	51
931	178	35
952	178	50
18	177	46
79	177	40
120	177	42
377	177	51
447	177	8
495	177	-18
556	177	44
602	177	10
605	177	-45
687	177	53
1004	177	44
1079	177	50
1121	177	50
1140	177	11
152	176	44
253	176	46
339	176	36
502	176	1
538	176	44
669	176	-45
772	176	-45
921	176	47
1120	176	50
1124	176	50
48	175	42
72	175	44
73	175	44
231	175	50
379	175	44
380	175	47
427	175	44
482	175	73
600	175	49
664	175	-46
880	175	35
906	175	51
951	175	50
28	174	44
428	174	60
454	174	36
469	174	50
486	174	50
551	174	4
720	174	50
934	174	66
953	174	50
954	174	50
981	174	50
1108	174	-45
38	173	75
84	173	43
97	173	42
249	173	44
340	173	36
367	173	68
510	173	47
585	173	75
841	173	50
910	173	48
1165	173	50
44	172	44
185	172	44
196	172	18
355	172	68
381	172	51
382	172	49
443	172	47
619	172	57
627	172	-44
674	172	-44
839	172	50
868	172	60
1052	172	50
7	171	44
24	171	75
89	171	46
354	171	72
497	171	52
498	171	53
626	171	-46
721	171	50
764	171	50
796	171	70
57	170	44
147	170	46
166	170	55
208	170	49
373	170	45
421	170	46
456	170	36
689	170	40
723	170	49
734	170	56
950	170	50
1112	170	53
1119	170	50
1123	170	50
33	169	44
41	169	44
47	169	42
99	169	42
114	169	44
251	169	53
423	169	48
561	169	44
863	169	48
890	169	82
1053	169	50
1132	169	50
1142	169	11
1163	169	50
12	168	45
52	168	43
95	168	43
394	168	40
413	168	43
425	168	44
433	168	50
494	168	56
766	168	50
807	168	49
813	168	69
1099	168	50
16	167	42
20	167	42
90	167	61
91	167	18
133	167	51
148	167	44
229	167	50
239	167	44
451	167	36
537	167	57
698	167	51
794	167	41
1005	167	36
1026	167	45
1077	167	50
1145	167	12
13	166	45
42	166	44
43	166	44
96	166	43
139	166	42
232	166	50
335	166	49
374	166	44
483	166	50
493	166	51
503	166	42
812	166	79
1090	166	67
37	165	75
183	165	44
184	165	44
362	165	56
651	165	34
681	165	54
725	165	47
787	165	44
995	165	50
998	165	5
1054	165	50
1082	165	42
70	164	44
105	164	45
115	164	44
118	164	43
245	164	44
439	164	50
499	164	52
563	164	44
690	164	48
703	164	55
762	164	7
786	164	44
979	164	53
983	164	50
1001	164	50
1122	164	50
1144	164	11
40	163	44
150	163	44
212	163	49
285	163	-1
437	163	61
462	163	44
870	163	54
879	163	49
1154	163	50
1162	163	44
56	162	45
62	162	44
66	162	42
228	162	38
230	162	49
234	162	50
334	162	53
336	162	44
450	162	7
684	162	25
722	162	50
840	162	50
164	161	57
243	161	44
357	161	73
417	161	-11
429	161	44
559	161	44
560	161	44
568	161	-46
645	161	43
667	161	-46
958	161	5
1022	161	47
1141	161	12
1159	161	58
149	160	44
375	160	42
562	160	44
719	160	50
937	160	-11
1087	160	47
1143	160	11
71	159	44
75	159	44
119	159	42
125	159	42
126	159	44
151	159	44
174	159	48
225	159	39
244	159	44
265	159	52
300	159	59
430	159	44
438	159	48
500	159	50
694	159	56
869	159	54
1129	159	84
182	158	44
190	158	101
378	158	45
393	158	49
549	158	37
557	158	44
558	158	44
593	158	75
715	158	-33
1093	158	34
214	157	17
237	157	57
366	157	44
372	157	45
580	157	61
665	157	50
671	157	-45
679	157	26
815	157	51
901	157	47
920	157	47
933	157	66
971	157	11
1068	157	5
1092	157	34
1095	157	32
1146	157	12
1161	157	22
11	156	45
64	156	45
98	156	42
165	156	59
189	156	101
280	156	50
307	156	45
461	156	44
618	156	60
624	156	-46
685	156	23
848	156	44
866	156	-44
918	156	21
919	156	43
966	156	50
1105	156	50
1126	156	87
77	155	44
220	155	34
238	155	31
268	155	49
273	155	44
299	155	60
301	155	61
613	155	75
620	155	55
658	155	-44
704	155	64
724	155	47
727	155	47
756	155	50
771	155	50
847	155	44
878	155	50
907	155	48
967	155	50
997	155	50
1006	155	43
34	154	44
39	154	75
49	154	42
78	154	44
211	154	52
219	154	35
365	154	44
491	154	45
505	154	50
699	154	54
739	154	53
765	154	50
852	154	20
960	154	30
1024	154	46
1025	154	47
1107	154	-44
0	153	44
74	153	44
233	153	50
319	153	44
364	153	49
701	153	51
710	153	8
726	153	47
930	153	34
970	153	51
1029	153	40
1127	153	88
1160	153	-21
192	152	49
318	152	35
554	152	21
610	152	75
728	152	47
729	152	47
735	152	58
814	152	57
824	152	7
849	152	3
963	152	50
968	152	51
1023	152	49
1088	152	46
10	151	45
138	151	44
210	151	59
360	151	38
567	151	52
590	151	56
662	151	-44
702	151	10
975	151	12
 