697	2003	0
700	1893	1
696	1888	0
279	1887	0
997	1880	0
756	1873	0
508	1870	0
309	1867	0
879	1867	-1
963	1867	0
698	1866	1
530	1865	0
965	1861	1
276	1857	0
996	1857	0
310	1854	0
967	1853	0
962	1851	0
277	1850	0
968	1849	1
977	1849	3
961	1845	0
979	1845	3
527	1843	0
528	1843	0
750	1842	0
878	1842	0
701	1841	1
970	1841	1
526	1840	0
966	1840	0
507	1838	0
978	1838	2
500	1836	0
969	1836	1
964	1835	0
278	1832	1
506	1832	0
505	1831	0
58	1829	0
749	1825	0
788	1822	0
529	1820	0
757	1813	1
280	1807	0
1081	1804	-1
281	1802	0
501	1802	0
504	1802	0
702	1800	1
1105	1800	0
665	1788	0
699	1781	4
159	1762	2
160	1700	3
906	830	2
904	826	2
907	820	-1
905	818	2
910	784	-1
909	779	-1
908	767	-2
232	745	1
230	734	0
231	734	1
233	732	1
439	728	1
229	723	1
441	720	1
234	716	1
570	646	2
620	618	6
1088	613	-3
1089	613	-2
771	612	1
1022	601	-2
1024	596	-3
1087	582	-2
745	575	-1
1025	565	-2
920	564	-2
614	558	0
621	558	17
443	554	-3
746	546	-3
919	546	-7
442	541	1
921	533	-2
1023	531	0
129	518	1
134	518	1
436	514	-3
201	513	-1
438	510	-2
432	507	-2
600	504	-1
132	503	-2
444	502	-2
200	495	-1
727	490	-3
726	485	-3
728	485	-3
724	484	-3
731	482	-3
730	480	-3
208	478	-1
131	476	1
133	473	1
209	470	-1
59	461	0
370	447	-5
1111	445	-2
371	444	-13
619	444	7
236	439	-5
368	437	-9
253	430	-4
821	428	-8
1090	426	17
369	425	-22
820	425	-9
254	424	-4
647	423	-2
274	422	-7
791	422	-10
251	421	3
255	418	-4
644	413	1
881	412	-7
275	410	-6
241	408	-6
852	408	-30
882	407	-7
976	407	-30
294	406	4
687	406	3
242	401	-10
412	400	-2
79	396	-10
535	395	-11
813	394	19
980	394	-11
1156	393	2
1011	392	-5
1152	392	9
1157	392	1
421	390	-4
766	390	0
48	389	-8
1026	388	-5
483	387	0
579	387	10
252	386	-2
1178	386	0
748	385	4
118	384	-7
810	384	0
719	383	0
193	382	-3
119	381	-8
1079	381	0
1122	381	0
950	380	0
952	380	0
120	379	-8
1010	379	0
82	378	-8
981	378	0
951	377	0
688	376	-3
953	375	0
956	375	0
1054	375	0
1132	375	0
147	374	-4
1119	374	0
720	373	0
841	373	0
971	373	-39
1098	373	0
764	372	0
1077	372	0
972	371	-34
983	371	0
1123	371	0
1163	371	0
214	370	-33
812	370	29
469	369	0
954	369	0
1121	369	0
533	368	-11
648	368	-11
1053	368	0
1155	368	1
49	367	-8
837	367	-24
840	367	0
1001	367	0
484	366	0
874	366	15
957	366	0
1124	366	0
975	364	-38
995	363	0
1052	363	0
1099	363	0
889	362	-21
1097	362	0
295	361	13
765	361	0
47	360	-8
66	359	-8
486	359	0
296	358	1
467	358	-6
721	358	0
773	358	0
1120	358	0
649	357	-11
722	356	0
554	355	-29
935	355	9
955	355	0
811	354	0
20	353	-8
485	352	0
982	352	0
973	350	-38
1165	350	0
795	349	7
618	348	10
926	348	-3
213	347	-34
90	345	12
704	345	14
1012	345	-15
839	344	0
16	343	-8
396	343	-11
357	342	23
1016	341	-10
650	339	-6
880	339	-15
1021	339	-10
468	337	0
741	336	2
794	335	-9
413	334	-6
891	333	-10
139	332	-7
300	331	9
806	331	-5
1013	331	-10
83	330	-11
753	330	-10
925	330	0
1029	330	-10
1161	329	-28
367	328	18
974	327	-37
1158	327	-39
498	324	3
1017	324	-10
689	323	-10
863	323	-2
896	323	-9
960	323	-20
192	322	-1
1019	322	-10
1032	322	-5
65	321	0
899	321	-9
1014	321	-10
890	320	32
612	319	-3
893	318	-9
140	316	-7
678	316	7
1015	316	-10
35	314	-5
104	314	-5
164	314	6
354	314	21
900	314	-9
931	314	-15
894	313	-10
1020	313	-10
191	312	-5
553	311	-36
892	311	-9
17	310	-5
206	310	0
580	310	2
594	309	41
754	309	-10
895	309	-9
224	308	3
901	308	-3
1046	308	1
755	307	-10
803	307	-5
871	307	3
897	307	-9
595	306	20
1018	306	-10
732	305	1
802	305	-5
166	304	4
805	304	-5
898	303	-9
693	301	9
256	300	1
437	300	10
872	300	4
207	299	-1
210	299	8
362	298	6
268	297	1
804	297	-5
1129	297	34
299	296	9
22	295	-5
205	294	-1
5	293	-5
707	293	-1
1127	293	38
924	292	2
19	291	-5
29	291	-5
174	291	-1
801	291	-6
869	291	4
918	291	-29
226	290	7
685	290	-27
798	290	6
868	290	9
21	289	-5
1031	289	-3
1125	288	37
88	287	-5
684	287	-25
800	287	-6
1126	287	37
54	285	13
1033	285	-3
30	284	-5
23	283	-5
55	282	2
799	282	-6
934	282	16
4	281	-5
1140	280	-39
240	279	-4
936	279	29
6	278	-5
679	278	-24
1142	278	-39
31	277	-5
165	277	8
1095	277	-18
46	276	-5
1144	276	-39
173	275	-1
318	274	-15
18	273	-5
590	273	5
1143	273	-39
933	272	16
220	269	-16
680	269	-24
611	268	8
1141	268	-38
111	267	-5
591	267	-7
691	266	-7
99	265	-8
319	265	-6
582	265	-9
1128	265	43
45	264	-5
141	264	-1
320	264	-6
1092	264	-16
1096	264	-17
53	263	15
228	263	-12
493	263	0
930	263	-16
597	262	0
681	262	4
725	262	0
870	262	3
1145	262	-38
651	261	-16
532	260	-8
1112	260	3
1093	259	-16
225	258	-11
1146	258	-38
735	257	8
867	257	9
534	256	-10
219	255	-15
223	255	0
729	255	0
1082	255	-8
1114	255	4
52	254	-9
347	254	6
783	254	16
1045	254	12
301	251	11
355	251	18
736	249	9
390	247	-45
89	246	-4
787	245	-8
317	244	-6
451	244	-16
585	244	25
945	243	-8
339	242	-16
211	241	1
454	241	-16
238	240	-19
539	240	-8
690	240	-4
393	239	-1
87	238	-7
592	238	3
410	237	-19
826	237	10
212	236	-2
381	236	-1
537	236	5
1159	236	6
424	235	-11
510	235	-3
555	235	-10
455	234	-16
1113	234	2
814	233	6
877	233	23
1094	233	4
151	231	-8
335	231	-3
395	231	-50
567	231	2
692	231	-7
237	230	7
499	230	2
235	229	2
379	229	-8
751	229	6
43	228	-6
440	228	-16
563	228	-8
566	228	2
94	227	2
380	227	-5
452	227	-16
584	227	-7
815	227	1
24	226	25
103	226	1
126	226	-8
376	226	-4
538	226	-8
8	225	-20
37	225	25
84	225	-9
265	225	2
617	225	-39
703	225	3
96	224	-9
250	223	-20
365	223	-8
497	223	2
883	223	10
564	222	-10
742	222	-14
1160	222	-73
227	221	5
428	221	8
1118	221	4
71	220	-8
734	220	6
1003	220	-8
1154	220	0
189	219	51
378	219	-7
596	219	0
723	219	-3
1006	219	-9
199	218	-57
257	218	14
573	218	-51
575	218	-48
733	218	10
808	218	-58
456	217	-16
494	217	6
1084	217	5
1091	217	4
565	216	2
569	216	-46
739	216	3
845	216	-51
97	215	-10
261	215	25
313	215	-54
433	215	-1
610	215	25
809	215	-58
38	214	25
429	214	-8
482	214	22
34	213	-8
244	213	-6
297	213	-55
334	213	1
423	213	-4
593	213	25
613	213	25
1028	213	-58
10	212	-7
39	212	25
382	212	-3
383	212	0
420	212	-1
587	212	-55
1008	212	-48
28	211	-8
216	211	-43
377	211	-1
32	210	-9
152	210	-8
359	210	-9
453	210	-16
561	210	-8
776	210	-39
796	210	20
876	210	25
1009	210	-50
562	209	-8
571	209	-52
25	208	25
57	208	-8
144	208	-59
172	208	-57
340	208	-16
385	208	-46
491	208	-7
513	208	-56
33	207	-8
95	207	-9
148	207	-8
360	207	-12
400	207	-56
875	207	-12
1027	207	0
44	206	-8
185	206	-8
586	206	-58
744	206	-15
117	205	-59
266	205	2
316	205	-58
416	205	-54
770	205	-57
56	204	-7
373	204	-7
419	204	-1
632	204	-67
786	204	-8
3	203	-8
7	203	-8
70	203	-8
124	203	-8
846	203	-53
985	203	-59
40	202	-6
42	202	-8
62	202	-6
85	202	-47
184	202	-8
243	202	-6
366	202	-8
404	202	-56
589	202	-58
12	201	-7
150	201	-8
171	201	-57
556	201	-8
557	201	-6
574	201	-48
768	201	-55
72	200	-6
98	200	-10
105	200	-7
337	200	-53
388	200	-53
481	200	-15
536	200	-53
549	200	-15
851	200	-54
178	199	-58
572	199	-50
1002	199	-55
75	198	-8
183	198	-8
327	198	-56
418	198	-1
525	198	-58
0	197	-8
177	197	-59
375	197	-10
459	197	-34
490	197	-59
633	197	-58
1004	197	-6
13	196	-7
73	196	-6
81	196	-57
93	196	-58
170	196	-57
179	196	-58
239	196	-8
333	196	-48
402	196	-57
666	196	-55
844	196	-51
293	195	-53
403	195	-58
581	195	-5
706	195	-56
873	195	-47
1162	195	-6
60	194	-55
149	194	-6
374	194	-8
445	194	-49
448	194	-45
516	194	-35
559	194	-6
636	194	-45
743	194	-10
247	193	-6
394	193	-11
401	193	-57
427	193	-6
577	193	-58
767	193	-58
784	193	-58
847	193	-6
1005	193	-16
182	192	-8
190	192	51
218	192	-47
245	192	-6
364	192	-3
558	192	-6
259	191	-1
260	191	-1
307	191	-5
336	191	-8
425	191	-6
524	191	-69
1083	191	3
487	190	-58
503	190	-8
514	190	-54
1007	190	-51
248	189	-6
705	189	-52
738	189	18
1116	189	-44
249	188	-8
608	188	-59
41	187	-6
146	187	-59
175	187	-58
356	187	28
447	187	-42
864	187	-62
86	186	-5
258	186	-1
346	186	-58
391	186	-58
415	186	-58
489	186	-58
718	186	-47
737	186	14
63	185	-55
138	185	-6
407	185	-50
708	185	-55
761	185	-46
1086	185	1
246	184	-6
308	184	-49
426	184	-4
609	184	-56
789	184	-57
74	183	-6
116	183	-59
176	183	-58
637	183	-47
838	183	-57
1000	183	-58
78	182	-6
114	182	-6
125	182	-8
409	182	-58
422	182	-1
560	182	-6
709	182	-52
760	182	-62
848	182	-6
435	181	-44
654	181	-57
984	181	-61
115	180	-6
298	180	-59
389	180	-55
616	180	-52
740	180	12
1037	180	-6
102	179	25
461	179	-6
480	179	-67
583	179	-7
769	179	-58
797	179	-57
273	178	-6
495	178	-67
607	178	-44
1103	178	-57
329	177	-59
392	177	-58
646	177	-6
774	177	-56
807	177	-1
76	176	-8
137	176	-6
411	176	-56
831	176	-39
865	176	-68
946	176	-56
11	175	-7
143	175	-59
384	175	-49
430	175	-6
655	175	-57
694	175	8
747	175	-5
1058	175	-28
64	174	-5
127	174	-58
168	174	-10
217	174	-41
289	174	-60
372	174	-7
460	174	-41
606	174	-52
903	174	-46
269	173	-59
450	173	-43
502	173	-49
645	173	-7
816	173	-41
850	173	-46
348	172	-58
827	172	-58
1167	172	-45
462	171	-8
785	171	-57
790	171	-57
77	170	-8
434	170	-48
1166	170	-41
215	169	-45
1048	169	-70
1074	169	-169
363	168	-3
145	167	-59
167	167	-6
446	167	-41
601	167	-43
857	167	-46
80	166	-58
405	166	-62
107	165	-52
272	165	-6
488	165	-58
615	165	-59
855	165	-46
302	164	-19
458	164	-34
521	164	-42
1075	164	-66
282	163	-60
602	163	-40
638	163	-48
859	163	-51
387	162	-60
406	162	-62
449	162	-43
832	162	-52
523	161	-52
1169	161	-49
9	160	-41
1174	160	-53
326	159	-39
861	159	-45
862	159	-49
509	158	-49
639	158	-31
854	158	-45
858	158	-31
1170	158	-44
108	157	-48
153	157	-71
781	157	-55
817	157	-44
940	157	-40
1175	157	-41
828	156	-56
1172	156	-37
142	155	-49
323	155	-42
457	155	-48
856	155	-46
1168	155	-26
522	154	-54
834	154	-39
943	154	-48
1067	154	-42
1133	154	-37
197	153	-29
311	153	-48
779	153	-55
463	152	-54
471	152	-31
993	152	-31
109	151	37
161	151	-41
314	151	-50
328	151	-44
470	151	-31
833	151	-34
916	151	-31
988	151	-48
474	150	-33
782	150	-58
830	150	-52
938	150	-60
1135	150	-56
353	149	-69
472	149	-31
778	149	-52
853	149	-49
941	149	-40
948	149	-47
1059	149	-10
1063	149	-52
106	148	-43
180	148	-30
315	148	-6
475	148	-32
1064	148	-47
1076	148	-56
1173	148	-47
195	147	-48
312	147	-50
361	147	-52
629	147	-33
818	147	-45
1055	147	-47
1171	147	-28
27	146	-33
112	146	-19
198	146	-37
780	146	-52
836	146	-51
987	146	-47
157	145	-31
408	145	-44
656	145	-25
835	145	-55
1056	145	-37
1104	145	-45
1117	145	-26
222	144	-33
860	144	-29
990	144	-30
1066	144	-52
1136	144	-56
110	143	-22
221	143	-15
267	143	-30
352	143	-68
464	143	-55
540	143	-49
902	143	-31
1131	143	-38
942	142	-40
1062	142	-47
1100	142	-45
202	141	-14
305	141	-14
344	141	-23
466	141	-53
476	141	-32
686	141	-47
819	141	-40
829	141	-52
958	141	-45
1060	141	-54
1061	141	-49
1065	141	-49
1176	141	-41
543	140	-53
911	140	-39
959	140	-41
994	140	-33
1068	140	-45
1115	140	-38
15	139	-40
36	139	-10
91	139	-16
270	139	-33
350	139	-69
947	139	-55
949	139	-52
465	138	-54
531	138	-33
576	138	-53
657	138	-29
992	138	-44
1085	138	-33
204	137	-16
477	137	-32
825	137	-45
991	137	-38
999	137	-11
1134	137	-42
1137	137	-56
1138	137	-55
1139	137	-50
101	136	-26
122	136	-33
345	136	-23
351	136	-68
414	136	-51
759	136	-64
14	135	-42
26	135	-33
136	135	-13
288	135	-27
343	135	-24
473	135	-21
682	135	-27
888	135	-31
61	134	11
158	134	-28
286	134	24
912	134	-27
937	134	-61
998	134	-45
1080	134	-35
631	133	-33
777	133	-58
886	133	-29
939	133	-57
1130	133	-31
123	132	-32
130	132	-23
634	132	-59
664	132	-78
758	132	-50
1177	132	-38
196	131	-31
349	131	-68
520	131	-26
544	131	-44
928	131	-21
932	131	-28
1057	131	-49
1071	131	-31
1072	131	-14
154	130	-33
203	130	0
135	129	-15
515	129	-33
635	129	-56
793	129	-31
568	128	-78
 